soldier_run0000 = 10 10 119 127 0 0 123 144
soldier_run0001 = 10 10 119 127 0 0 123 144
soldier_run0002 = 10 10 119 127 0 0 123 144
soldier_run0003 = 139 10 109 134 8 1 123 144
soldier_run0004 = 139 10 109 134 8 1 123 144
soldier_run0005 = 258 10 102 136 5 5 123 144
soldier_run0006 = 258 10 102 136 5 5 123 144
soldier_run0007 = 370 10 83 131 9 12 123 144
soldier_run0008 = 370 10 83 131 9 12 123 144
soldier_run0009 = 10 156 120 120 3 7 123 144
soldier_run0010 = 10 156 120 120 3 7 123 144
soldier_run0011 = 10 156 120 120 3 7 123 144
soldier_run0012 = 140 156 114 127 6 7 123 144
soldier_run0013 = 140 156 114 127 6 7 123 144
soldier_run0014 = 264 156 96 135 5 9 123 144
soldier_run0015 = 264 156 96 135 5 9 123 144
soldier_run0016 = 370 156 80 132 8 11 123 144
soldier_run0017 = 370 156 80 132 8 11 123 144
