soldier_shootA0000 = 10 10 95 116 101 51 291 185
soldier_shootA0001 = 10 10 95 116 101 51 291 185
soldier_shootA0002 = 10 10 95 116 101 51 291 185
soldier_shootA0003 = 115 10 160 114 66 53 291 185
soldier_shootA0004 = 285 10 174 123 59 44 291 185
soldier_shootA0005 = 469 10 199 136 46 31 291 185
soldier_shootA0006 = 678 10 259 153 16 16 291 185
soldier_shootA0007 = 10 173 291 176 0 4 291 185
soldier_shootA0008 = 311 173 281 180 5 2 291 185
soldier_shootA0009 = 311 173 281 180 5 2 291 185
soldier_shootA0010 = 602 173 278 185 7 0 291 185
soldier_shootA0011 = 602 173 278 185 7 0 291 185
soldier_shootA0012 = 10 368 272 177 10 4 291 185
soldier_shootA0013 = 10 368 272 177 10 4 291 185
soldier_shootA0014 = 292 368 238 179 27 3 291 185
soldier_shootA0015 = 292 368 238 179 27 3 291 185
soldier_shootA0016 = 540 368 220 167 36 9 291 185
soldier_shootA0017 = 540 368 220 167 36 9 291 185
soldier_shootA0018 = 770 368 232 144 30 23 291 185
soldier_shootA0019 = 10 557 232 139 30 23 291 185
