sparkA0000 = 10 10 175 188 0 0 175 188
sparkA0001 = 195 10 175 188 0 0 175 188
sparkA0002 = 380 10 175 188 0 0 175 188
sparkA0003 = 565 10 175 188 0 0 175 188
sparkA0004 = 750 10 175 188 0 0 175 188
sparkA0005 = 10 208 175 188 0 0 175 188
sparkA0006 = 195 208 175 188 0 0 175 188
sparkA0007 = 380 208 175 188 0 0 175 188
sparkA0008 = 565 208 175 188 0 0 175 188
sparkA0009 = 750 208 175 188 0 0 175 188
sparkA0010 = 10 406 175 188 0 0 175 188
sparkA0011 = 195 406 175 188 0 0 175 188
sparkA0012 = 380 406 175 188 0 0 175 188
sparkA0013 = 565 406 175 188 0 0 175 188
sparkA0014 = 750 406 175 188 0 0 175 188
sparkA0015 = 10 604 175 188 0 0 175 188
sparkA0016 = 195 604 175 188 0 0 175 188
sparkA0017 = 195 604 175 188 0 0 175 188
sparkA0018 = 380 604 175 188 0 0 175 188
sparkA0019 = 380 604 175 188 0 0 175 188
sparkA0020 = 565 604 175 188 0 0 175 188
sparkA0021 = 565 604 175 188 0 0 175 188
sparkA0022 = 750 604 175 188 0 0 175 188
sparkA0023 = 750 604 175 188 0 0 175 188
sparkA0024 = 10 802 175 188 0 0 175 188
sparkA0025 = 10 802 175 188 0 0 175 188
sparkA0026 = 195 802 175 188 0 0 175 188
sparkA0027 = 195 802 175 188 0 0 175 188
sparkA0028 = 380 802 175 188 0 0 175 188
sparkA0029 = 380 802 175 188 0 0 175 188
sparkA0030 = 565 802 175 188 0 0 175 188
sparkA0031 = 750 802 175 188 0 0 175 188
sparkA0032 = 750 802 175 188 0 0 175 188
sparkA0033 = 935 802 0 0 0 0 175 188
