Floppit0000 = 10 10 190 223 0 11 216 240
Floppit0001 = 210 10 190 223 0 11 216 240
Floppit0002 = 410 10 190 223 0 11 216 240
Floppit0003 = 610 10 190 223 0 11 216 240
Floppit0004 = 810 10 190 224 0 10 216 240
Floppit0005 = 1010 10 190 224 0 10 216 240
Floppit0006 = 1210 10 190 223 0 11 216 240
Floppit0007 = 1410 10 190 223 0 11 216 240
Floppit0008 = 1610 10 190 223 0 11 216 240
Floppit0009 = 1810 10 190 223 0 11 216 240
Floppit0010 = 10 244 190 223 0 11 216 240
Floppit0011 = 210 244 190 223 0 11 216 240
Floppit0012 = 410 244 190 223 0 11 216 240
Floppit0013 = 610 244 190 223 0 11 216 240
Floppit0014 = 810 244 190 223 0 11 216 240
Floppit0015 = 1010 244 196 223 0 11 216 240
Floppit0016 = 1216 244 202 223 0 11 216 240
Floppit0017 = 1428 244 204 223 0 11 216 240
Floppit0018 = 1642 244 207 223 0 11 216 240
Floppit0019 = 10 477 216 223 0 11 216 240
Floppit0020 = 236 477 216 223 0 11 216 240
Floppit0021 = 462 477 216 223 0 11 216 240
Floppit0022 = 688 477 216 223 0 11 216 240
Floppit0023 = 914 477 216 223 0 11 216 240
Floppit0024 = 1140 477 209 223 0 11 216 240
Floppit0025 = 1359 477 203 223 0 11 216 240
Floppit0026 = 1572 477 199 223 0 11 216 240
Floppit0027 = 1781 477 190 223 0 11 216 240
Floppit0028 = 10 710 190 223 0 11 216 240
Floppit0029 = 210 710 190 223 0 11 216 240
Floppit0030 = 410 710 190 223 0 11 216 240
Floppit0031 = 610 710 190 223 0 11 216 240
Floppit0032 = 810 710 190 223 0 11 216 240
Floppit0033 = 1010 710 190 223 0 11 216 240
Floppit0034 = 1210 710 190 223 0 11 216 240
Floppit0035 = 1410 710 190 224 0 10 216 240
Floppit0036 = 1610 710 190 224 0 10 216 240
Floppit0037 = 1810 710 190 223 0 11 216 240
Floppit0038 = 10 944 190 223 0 11 216 240
Floppit0039 = 210 944 190 223 0 11 216 240
Floppit0040 = 410 944 190 223 0 11 216 240
Floppit0041 = 610 944 190 223 0 11 216 240
Floppit0042 = 810 944 190 223 0 11 216 240
Floppit0043 = 1010 944 190 223 0 11 216 240
Floppit0044 = 1210 944 190 224 0 10 216 240
Floppit0045 = 1410 944 190 224 0 10 216 240
Floppit0046 = 1610 944 190 223 0 11 216 240
Floppit0047 = 1810 944 190 223 0 11 216 240
Floppit0048 = 10 1178 190 223 0 11 216 240
Floppit0049 = 210 1178 190 223 0 11 216 240
Floppit0050 = 410 1178 190 223 0 11 216 240
Floppit0051 = 610 1178 190 223 0 11 216 240
Floppit0052 = 810 1178 190 223 0 11 216 240
Floppit0053 = 1010 1178 190 224 0 10 216 240
Floppit0054 = 1210 1178 190 228 0 10 216 240
Floppit0055 = 1410 1178 190 229 0 11 216 240
Floppit0056 = 1610 1178 190 223 0 11 216 240
Floppit0057 = 1810 1178 190 223 0 11 216 240
Floppit0058 = 10 1417 190 223 0 11 216 240
Floppit0059 = 210 1417 190 223 0 11 216 240
Floppit0060 = 410 1417 190 223 0 11 216 240
Floppit0061 = 610 1417 190 223 0 11 216 240
Floppit0062 = 810 1417 190 224 0 10 216 240
Floppit0063 = 1010 1417 190 224 0 10 216 240
Floppit0064 = 1210 1417 190 223 0 11 216 240
Floppit0065 = 1410 1417 190 223 0 11 216 240
Floppit0066 = 1610 1417 190 223 0 11 216 240
Floppit0067 = 1810 1417 190 223 0 11 216 240
Floppit0068 = 10 1651 190 223 0 11 216 240
Floppit0069 = 210 1651 190 223 0 11 216 240
Floppit0070 = 410 1651 190 223 0 11 216 240
Floppit0071 = 610 1651 190 224 0 10 216 240
Floppit0072 = 810 1651 190 224 0 10 216 240
Floppit0073 = 1010 1651 190 223 0 11 216 240
Floppit0074 = 1210 1651 190 223 0 11 216 240
Floppit0075 = 1410 1651 190 223 0 11 216 240
Floppit0076 = 1610 1651 190 223 0 11 216 240
Floppit0077 = 1810 1651 190 223 0 11 216 240
Floppit0078 = 10 1885 190 223 0 11 216 240
Floppit0079 = 210 1885 190 223 0 11 216 240
Floppit0080 = 410 1885 190 224 0 10 216 240
Floppit0081 = 610 1885 190 223 0 11 216 240
Floppit0082 = 810 1885 190 223 0 11 216 240
Floppit0083 = 1010 1885 190 223 0 11 216 240
Floppit0084 = 1210 1885 190 223 0 11 216 240
Floppit0085 = 1410 1885 190 223 0 11 216 240
Floppit0086 = 1610 1885 190 223 0 11 216 240
Floppit0087 = 1810 1885 190 223 0 11 216 240
Floppit0088 = 10 2119 190 223 0 11 216 240
Floppit0089 = 210 2119 190 223 0 11 216 240
Floppit0090 = 410 2119 190 223 0 11 216 240
Floppit0091 = 610 2119 190 223 0 11 216 240
Floppit0092 = 810 2119 190 223 0 11 216 240
Floppit0093 = 1010 2119 190 234 0 0 216 240
Floppit0094 = 1210 2119 190 232 0 2 216 240
Floppit0095 = 1410 2119 190 223 0 11 216 240
Floppit0096 = 1610 2119 190 223 0 11 216 240
Floppit0097 = 1810 2119 190 223 0 11 216 240
Floppit0098 = 10 2363 190 223 0 11 216 240
Floppit0099 = 10 244 190 223 0 11 216 240
Floppit0100 = 210 2363 190 223 0 11 216 240
Floppit0101 = 410 2363 190 223 0 11 216 240
Floppit0102 = 610 2363 190 223 0 11 216 240
Floppit0103 = 810 2363 190 223 0 11 216 240
Floppit0104 = 1010 2363 196 223 0 11 216 240
Floppit0105 = 1216 2363 202 223 0 11 216 240
Floppit0106 = 1428 2363 204 223 0 11 216 240
Floppit0107 = 1642 2363 207 223 0 11 216 240
Floppit0108 = 10 2596 216 223 0 11 216 240
Floppit0109 = 236 2596 190 223 0 11 216 240
Floppit0110 = 436 2596 190 223 0 11 216 240
Floppit0111 = 636 2596 190 223 0 11 216 240
Floppit0112 = 836 2596 190 223 0 11 216 240
Floppit0113 = 1036 2596 190 224 0 10 216 240
Floppit0114 = 1236 2596 190 224 0 10 216 240
Floppit0115 = 1210 10 190 223 0 11 216 240
Floppit0116 = 1436 2596 190 223 0 11 216 240
Floppit0117 = 1636 2596 190 223 0 11 216 240
Floppit0118 = 1836 2596 190 223 0 11 216 240
Floppit0119 = 10 2830 190 223 0 11 216 240
Floppit0120 = 636 2596 190 223 0 11 216 240
Floppit0121 = 210 2830 190 223 0 11 216 240
Floppit0122 = 410 2830 190 224 0 10 216 240
Floppit0123 = 1010 10 190 224 0 10 216 240
Floppit0124 = 1210 10 190 223 0 11 216 240
Floppit0125 = 1436 2596 190 223 0 11 216 240
Floppit0126 = 1610 10 190 223 0 11 216 240
