1_1 = 0 0 64 64 0 0 64 64
1_2 = 64 0 64 64 0 0 64 64
2_1 = 0 64 64 64 0 0 64 64
2_2 = 64 64 64 64 0 0 64 64
3_1 = 0 128 64 64 0 0 64 64
3_2 = 64 128 64 64 0 0 64 64
4_1 = 0 192 64 64 0 0 64 64
4_2 = 64 192 64 64 0 0 64 64
5_1 = 0 256 64 64 0 0 64 64
5_2 = 64 256 64 64 0 0 64 64
6_1 = 0 320 64 64 0 0 64 64
6_2 = 64 320 64 64 0 0 64 64
7_1 = 0 384 64 64 0 0 64 64
7_2 = 64 384 64 64 0 0 64 64
8_1 = 0 448 64 64 0 0 64 64
8_2 = 64 448 64 64 0 0 64 64
9_1 = 0 512 64 64 0 0 64 64
9_2 = 64 512 64 64 0 0 64 64
10_1 = 0 576 64 64 0 0 64 64
10_2 = 64 576 64 64 0 0 64 64
11_1 = 0 640 64 64 0 0 64 64
11_2 = 64 640 64 64 0 0 64 64
12_1 = 0 704 64 64 0 0 64 64
12_2 = 64 704 64 64 0 0 64 64
13_1 = 0 768 64 64 0 0 64 64
13_2 = 64 768 64 64 0 0 64 64
14_1 = 0 832 64 64 0 0 64 64
14_2 = 64 832 64 64 0 0 64 64
