1_1 = 0 0 32 32 0 0 32 32
1_2 = 32 0 32 32 0 0 32 32
1_3 = 64 0 32 32 0 0 32 32
2_1 = 0 32 32 32 0 0 32 32
2_2 = 32 32 32 32 0 0 32 32
2_3 = 64 32 32 32 0 0 32 32
3_1 = 0 64 32 32 0 0 32 32
3_2 = 32 64 32 32 0 0 32 32
3_3 = 64 64 32 32 0 0 32 32
4_1 = 0 96 32 32 0 0 32 32
4_2 = 32 96 32 32 0 0 32 32
4_3 = 64 96 32 32 0 0 32 32
5_1 = 0 128 32 32 0 0 32 32
5_2 = 32 128 32 32 0 0 32 32
5_3 = 64 128 32 32 0 0 32 32
6_1 = 0 160 32 32 0 0 32 32
6_2 = 32 160 32 32 0 0 32 32
6_3 = 64 160 32 32 0 0 32 32
7_1 = 0 192 32 32 0 0 32 32
7_2 = 32 192 32 32 0 0 32 32
7_3 = 64 192 32 32 0 0 32 32
