1_1 = 0 0 32 40 0 0 32 40
1_2 = 32 0 32 40 0 0 32 40
1_3 = 64 0 32 40 0 0 32 40
1_4 = 96 0 32 40 0 0 32 40
1_5 = 128 0 32 40 0 0 32 40
1_6 = 160 0 32 40 0 0 32 40
1_7 = 192 0 32 40 0 0 32 40
1_8 = 224 0 32 40 0 0 32 40
2_1 = 0 40 32 40 0 0 32 40
2_2 = 32 40 32 40 0 0 32 40
2_3 = 64 40 32 40 0 0 32 40
2_4 = 96 40 32 40 0 0 32 40
2_5 = 128 40 32 40 0 0 32 40
2_6 = 160 40 32 40 0 0 32 40
2_7 = 192 40 32 40 0 0 32 40
2_8 = 224 40 32 40 0 0 32 40
3_1 = 0 80 32 40 0 0 32 40
3_2 = 32 80 32 40 0 0 32 40
3_3 = 64 80 32 40 0 0 32 40
3_4 = 96 80 32 40 0 0 32 40
3_5 = 128 80 32 40 0 0 32 40
3_6 = 160 80 32 40 0 0 32 40
3_7 = 192 80 32 40 0 0 32 40
3_8 = 224 80 32 40 0 0 32 40
4_1 = 0 120 32 40 0 0 32 40
4_2 = 32 120 32 40 0 0 32 40
4_3 = 64 120 32 40 0 0 32 40
4_4 = 96 120 32 40 0 0 32 40
4_5 = 128 120 32 40 0 0 32 40
4_6 = 160 120 32 40 0 0 32 40
4_7 = 192 120 32 40 0 0 32 40
4_8 = 224 120 32 40 0 0 32 40
5_1 = 0 160 32 40 0 0 32 40
5_2 = 32 160 32 40 0 0 32 40
5_3 = 64 160 32 40 0 0 32 40
5_4 = 96 160 32 40 0 0 32 40
5_5 = 128 160 32 40 0 0 32 40
5_6 = 160 160 32 40 0 0 32 40
5_7 = 192 160 32 40 0 0 32 40
5_8 = 224 160 32 40 0 0 32 40
6_1 = 0 200 32 40 0 0 32 40
6_2 = 32 200 32 40 0 0 32 40
6_3 = 64 200 32 40 0 0 32 40
6_4 = 96 200 32 40 0 0 32 40
6_5 = 128 200 32 40 0 0 32 40
6_6 = 160 200 32 40 0 0 32 40
6_7 = 192 200 32 40 0 0 32 40
6_8 = 224 200 32 40 0 0 32 40
7_1 = 0 240 32 40 0 0 32 40
7_2 = 32 240 32 40 0 0 32 40
7_3 = 64 240 32 40 0 0 32 40
7_4 = 96 240 32 40 0 0 32 40
7_5 = 128 240 32 40 0 0 32 40
7_6 = 160 240 32 40 0 0 32 40
7_7 = 192 240 32 40 0 0 32 40
7_8 = 224 240 32 40 0 0 32 40
8_1 = 0 280 32 40 0 0 32 40
8_2 = 32 280 32 40 0 0 32 40
8_3 = 64 280 32 40 0 0 32 40
8_4 = 96 280 32 40 0 0 32 40
8_5 = 128 280 32 40 0 0 32 40
8_6 = 160 280 32 40 0 0 32 40
8_7 = 192 280 32 40 0 0 32 40
8_8 = 224 280 32 40 0 0 32 40
9_1 = 0 320 32 40 0 0 32 40
9_2 = 32 320 32 40 0 0 32 40
9_3 = 64 320 32 40 0 0 32 40
9_4 = 96 320 32 40 0 0 32 40
9_5 = 128 320 32 40 0 0 32 40
9_6 = 160 320 32 40 0 0 32 40
9_7 = 192 320 32 40 0 0 32 40
9_8 = 224 320 32 40 0 0 32 40
