bloodsplat30000 = 10 10 31 36 119 87 251 246
bloodsplat30001 = 51 10 95 96 84 61 251 246
bloodsplat30002 = 156 10 160 154 47 23 251 246
bloodsplat30003 = 326 10 215 178 18 7 251 246
bloodsplat30004 = 326 10 215 178 18 7 251 246
bloodsplat30005 = 551 10 240 184 3 6 251 246
bloodsplat30006 = 10 204 240 184 3 6 251 246
bloodsplat30007 = 260 204 247 193 0 0 251 246
bloodsplat30008 = 260 204 247 193 0 0 251 246
bloodsplat30009 = 517 204 247 194 4 9 251 246
bloodsplat30010 = 517 204 247 194 4 9 251 246
bloodsplat30011 = 774 204 228 195 11 14 251 246
bloodsplat30012 = 774 204 228 195 11 14 251 246
bloodsplat30013 = 10 409 228 195 11 17 251 246
bloodsplat30014 = 248 409 211 186 23 29 251 246
bloodsplat30015 = 248 409 211 186 23 29 251 246
bloodsplat30016 = 469 409 211 186 23 33 251 246
bloodsplat30017 = 690 409 154 118 49 110 251 246
bloodsplat30018 = 690 409 154 118 49 110 251 246
bloodsplat30019 = 854 409 154 118 49 118 251 246
bloodsplat30020 = 10 614 141 123 48 123 251 246
bloodsplat30021 = 10 614 141 123 48 123 251 246
bloodsplat30022 = 10 614 141 123 48 123 251 246
