Enemy10000 = 10 10 188 191 380 0 801 200
Enemy10001 = 208 10 189 191 380 0 801 200
Enemy10002 = 407 10 192 191 380 0 801 200
Enemy10003 = 609 10 192 191 380 0 801 200
Enemy10004 = 811 10 192 191 380 0 801 200
Enemy10005 = 1013 10 192 191 380 0 801 200
Enemy10006 = 1215 10 191 191 380 0 801 200
Enemy10007 = 1416 10 190 191 380 0 801 200
Enemy10008 = 1616 10 188 191 380 0 801 200
Enemy10009 = 1814 10 188 191 380 0 801 200
Enemy10010 = 10 211 188 191 380 0 801 200
Enemy10011 = 208 211 189 191 380 0 801 200
Enemy10012 = 407 211 189 191 380 0 801 200
Enemy10013 = 606 211 188 191 380 0 801 200
Enemy10014 = 804 211 189 191 380 0 801 200
Enemy10015 = 1003 211 192 191 380 0 801 200
Enemy10016 = 1205 211 192 191 380 0 801 200
Enemy10017 = 1407 211 192 191 380 0 801 200
Enemy10018 = 1609 211 192 191 380 0 801 200
Enemy10019 = 1811 211 192 191 380 0 801 200
Enemy10020 = 10 412 192 191 380 0 801 200
Enemy10021 = 212 412 192 191 380 0 801 200
Enemy10022 = 414 412 192 191 380 0 801 200
Enemy10023 = 616 412 189 191 380 0 801 200
Enemy10024 = 815 412 188 191 380 0 801 200
Enemy10025 = 1013 412 188 191 380 0 801 200
Enemy10026 = 1211 412 188 191 380 0 801 200
Enemy10027 = 1409 412 188 191 380 0 801 200
Enemy10028 = 1607 412 188 191 380 0 801 200
Enemy10029 = 1805 412 188 191 380 0 801 200
Enemy10030 = 10 613 188 191 380 0 801 200
Enemy10031 = 208 613 188 191 380 0 801 200
Enemy10032 = 406 613 188 191 380 0 801 200
Enemy10033 = 604 613 188 191 380 0 801 200
Enemy10034 = 802 613 188 191 380 0 801 200
Enemy10035 = 1000 613 188 191 380 0 801 200
Enemy10036 = 1198 613 527 191 41 0 801 200
Enemy10037 = 10 814 529 191 39 0 801 200
Enemy10038 = 549 814 529 191 39 0 801 200
Enemy10039 = 1088 814 529 191 39 0 801 200
Enemy10040 = 10 1015 529 191 39 0 801 200
Enemy10041 = 549 1015 529 191 39 0 801 200
Enemy10042 = 1088 1015 529 191 39 0 801 200
Enemy10043 = 10 1216 528 191 40 0 801 200
Enemy10044 = 548 1216 526 191 42 0 801 200
Enemy10045 = 1084 1216 188 191 380 0 801 200
Enemy10046 = 1282 1216 188 191 380 0 801 200
Enemy10047 = 1480 1216 188 191 380 0 801 200
Enemy10048 = 1678 1216 188 191 380 0 801 200
Enemy10049 = 10 1417 188 191 380 0 801 200
Enemy10050 = 208 1417 188 191 380 0 801 200
Enemy10051 = 406 1417 188 191 380 0 801 200
Enemy10052 = 604 1417 188 191 380 0 801 200
Enemy10053 = 802 1417 188 191 380 0 801 200
Enemy10054 = 1000 1417 188 191 380 0 801 200
Enemy10055 = 1198 1417 188 191 380 0 801 200
Enemy10056 = 1396 1417 188 191 380 0 801 200
Enemy10057 = 1594 1417 188 191 380 0 801 200
Enemy10058 = 1792 1417 188 191 380 0 801 200
Enemy10059 = 10 1618 188 191 380 0 801 200
Enemy10060 = 208 1618 188 191 380 0 801 200
Enemy10061 = 406 1618 566 200 2 0 801 200
Enemy10062 = 982 1618 568 200 0 0 801 200
Enemy10063 = 10 1828 568 200 0 0 801 200
Enemy10064 = 588 1828 568 200 0 0 801 200
Enemy10065 = 1166 1828 568 200 0 0 801 200
Enemy10066 = 10 2038 568 200 0 0 801 200
Enemy10067 = 588 2038 568 200 0 0 801 200
Enemy10068 = 1166 2038 567 200 1 0 801 200
Enemy10069 = 10 2248 566 200 2 0 801 200
Enemy10070 = 586 2248 188 191 380 0 801 200
Enemy10071 = 784 2248 188 191 380 0 801 200
Enemy10072 = 982 2248 188 191 380 0 801 200
Enemy10073 = 1180 2248 188 191 380 0 801 200
Enemy10074 = 1378 2248 417 185 384 0 801 200
Enemy10075 = 10 2458 418 185 383 0 801 200
Enemy10076 = 438 2458 425 185 376 0 801 200
Enemy10077 = 873 2458 436 184 365 0 801 200
Enemy10078 = 1319 2458 436 184 365 0 801 200
Enemy10079 = 10 2653 437 184 364 0 801 200
Enemy10080 = 457 2653 437 184 364 0 801 200
Enemy10081 = 904 2653 438 184 363 0 801 200
Enemy10082 = 1352 2653 438 185 363 0 801 200
Enemy10083 = 10 2848 438 186 363 0 801 200
Enemy10084 = 458 2848 439 187 362 0 801 200
Enemy10085 = 907 2848 439 188 362 0 801 200
Enemy10086 = 1356 2848 439 190 362 0 801 200
Enemy10087 = 10 3048 439 190 362 0 801 200
Enemy10088 = 459 3048 440 191 361 0 801 200
Enemy10089 = 909 3048 441 192 360 0 801 200
Enemy10090 = 1360 3048 438 196 363 0 801 200
Enemy10091 = 10 3254 436 196 365 0 801 200
Enemy10092 = 456 3254 432 196 369 0 801 200
Enemy10093 = 898 3254 188 192 380 0 801 200
Enemy10094 = 1096 3254 189 192 380 0 801 200
Enemy10095 = 1295 3254 192 192 380 0 801 200
Enemy10096 = 1497 3254 192 192 380 0 801 200
Enemy10097 = 1699 3254 192 192 380 0 801 200
Enemy10098 = 10 3460 192 192 380 0 801 200
Enemy10099 = 212 3460 191 192 380 0 801 200
Enemy10100 = 413 3460 190 192 380 0 801 200
Enemy10101 = 613 3460 188 192 380 0 801 200
Enemy10102 = 811 3460 188 192 380 0 801 200
Enemy10103 = 1009 3460 188 192 380 0 801 200
Enemy10104 = 1207 3460 189 192 380 0 801 200
Enemy10105 = 1406 3460 189 192 380 0 801 200
