basic1 = 0 0 64 100 0 0 64 100
bridge_ew = 64 0 64 100 0 0 64 100
bridge_ns = 128 0 64 100 0 0 64 100
ground = 192 0 64 100 0 0 64 100
highlighted = 256 0 64 100 0 0 64 100
house1 = 320 0 64 100 0 0 64 100
house2 = 384 0 64 100 0 0 64 100
house3 = 448 0 64 100 0 0 64 100
house4 = 0 100 64 100 0 0 64 100
path_ew = 64 100 64 100 0 0 64 100
path_ne = 128 100 64 100 0 0 64 100
path_ns = 192 100 64 100 0 0 64 100
path_nse = 256 100 64 100 0 0 64 100
path_nw = 320 100 64 100 0 0 64 100
path_sew = 384 100 64 100 0 0 64 100
path_sw = 448 100 64 100 0 0 64 100
road_nsew = 0 200 64 100 0 0 64 100
road_se = 64 200 64 100 0 0 64 100
trees1 = 128 200 64 100 0 0 64 100
trees10 = 192 200 64 100 0 0 64 100
trees11 = 256 200 64 100 0 0 64 100
trees12 = 320 200 64 100 0 0 64 100
trees13 = 384 200 64 100 0 0 64 100
trees14 = 448 200 64 100 0 0 64 100
trees15 = 0 300 64 100 0 0 64 100
trees16 = 64 300 64 100 0 0 64 100
trees17 = 128 300 64 100 0 0 64 100
trees18 = 192 300 64 100 0 0 64 100
trees2 = 256 300 64 100 0 0 64 100
trees3 = 320 300 64 100 0 0 64 100
trees4 = 384 300 64 100 0 0 64 100
trees5 = 448 300 64 100 0 0 64 100
trees6 = 0 400 64 100 0 0 64 100
trees7 = 64 400 64 100 0 0 64 100
trees8 = 128 400 64 100 0 0 64 100
trees9 = 192 400 64 100 0 0 64 100
