explode_big0000 = 10 10 74 51 56 65 178 125
explode_big0001 = 94 10 93 59 47 58 178 125
explode_big0002 = 197 10 108 79 41 46 178 125
explode_big0003 = 315 10 154 105 15 16 178 125
explode_big0004 = 10 125 168 119 4 0 178 125
explode_big0005 = 188 125 176 116 2 5 178 125
explode_big0006 = 188 125 176 116 2 5 178 125
explode_big0007 = 10 254 177 103 0 6 178 125
explode_big0008 = 10 254 177 103 0 6 178 125
explode_big0009 = 197 254 174 97 4 10 178 125
explode_big0010 = 197 254 174 97 4 10 178 125
explode_big0011 = 10 367 174 76 2 27 178 125
explode_big0012 = 10 367 174 76 2 27 178 125
explode_big0013 = 194 367 151 35 9 35 178 125
explode_big0014 = 194 367 151 35 9 35 178 125
explode_big0015 = 355 367 130 35 31 30 178 125
explode_big0016 = 355 367 130 35 31 30 178 125
explode_big0017 = 10 453 138 35 29 24 178 125
explode_big0018 = 10 453 138 35 29 24 178 125
explode_big0019 = 158 453 154 35 24 15 178 125
explode_big0020 = 158 453 154 35 24 15 178 125
explode_big0021 = 322 453 0 0 89 63 178 125
explode_big0022 = 322 453 0 0 89 63 178 125
explode_big0023 = 322 453 0 0 89 63 178 125
explode_big0024 = 322 453 0 0 89 63 178 125
explode_big0025 = 322 453 0 0 89 63 178 125
explode_big0026 = 322 453 0 0 89 63 178 125
explode_big0027 = 322 453 0 0 89 63 178 125
explode_big0028 = 322 453 0 0 89 63 178 125
explode_big0029 = 322 453 0 0 89 63 178 125
explode_big0030 = 322 453 0 0 89 63 178 125
explode_big0031 = 322 453 0 0 89 63 178 125
explode_big0032 = 322 453 0 0 89 63 178 125
explode_big0033 = 322 453 0 0 89 63 178 125
explode_big0034 = 322 453 0 0 89 63 178 125
explode_big0035 = 322 453 0 0 89 63 178 125
explode_big0036 = 322 453 0 0 89 63 178 125
explode_big0037 = 322 453 0 0 89 63 178 125
explode_big0038 = 322 453 0 0 89 63 178 125
explode_big0039 = 322 453 0 0 89 63 178 125
explode_big0040 = 322 453 0 0 89 63 178 125
explode_big0041 = 322 453 0 0 89 63 178 125
explode_big0042 = 322 453 0 0 89 63 178 125
explode_big0043 = 322 453 0 0 89 63 178 125
explode_big0044 = 322 453 0 0 89 63 178 125
explode_big0045 = 322 453 0 0 89 63 178 125
explode_big0046 = 322 453 0 0 89 63 178 125
explode_big0047 = 322 453 0 0 89 63 178 125
explode_big0048 = 322 453 0 0 89 63 178 125
explode_big0049 = 322 453 0 0 89 63 178 125
