explo0000 = 10 10 45 44 43 56 118 136
explo0001 = 65 10 88 102 17 25 118 136
explo0002 = 163 10 102 101 11 32 118 136
explo0003 = 275 10 93 89 13 39 118 136
explo0004 = 378 10 99 99 7 37 118 136
explo0005 = 10 122 110 112 0 24 118 136
explo0006 = 130 122 108 114 4 22 118 136
explo0007 = 248 122 109 115 7 19 118 136
explo0008 = 367 122 108 113 10 17 118 136
explo0009 = 10 247 105 106 11 17 118 136
explo0010 = 10 247 105 106 11 17 118 136
explo0011 = 125 247 103 101 12 18 118 136
explo0012 = 125 247 103 101 12 18 118 136
explo0013 = 238 247 97 80 13 16 118 136
explo0014 = 238 247 97 80 13 16 118 136
explo0015 = 345 247 94 78 14 11 118 136
explo0016 = 345 247 94 78 14 11 118 136
explo0017 = 10 363 91 80 16 7 118 136
explo0018 = 10 363 91 80 16 7 118 136
explo0019 = 111 363 72 76 17 1 118 136
explo0020 = 111 363 72 76 17 1 118 136
explo0021 = 193 363 34 51 39 10 118 136
explo0022 = 193 363 34 51 39 10 118 136
explo0023 = 237 363 17 24 40 4 118 136
explo0024 = 237 363 17 24 40 4 118 136
explo0025 = 264 363 14 21 41 2 118 136
explo0026 = 264 363 14 21 41 2 118 136
explo0027 = 288 363 12 20 42 1 118 136
explo0028 = 288 363 12 20 42 1 118 136
explo0029 = 310 363 11 17 43 0 118 136
explo0030 = 310 363 11 17 43 0 118 136
explo0031 = 331 363 0 0 56 80 118 136
explo0032 = 331 363 0 0 56 80 118 136
