1_1 = 0 0 48 48 0 0 48 48
1_2 = 48 0 48 48 0 0 48 48
1_3 = 96 0 48 48 0 0 48 48
1_4 = 144 0 48 48 0 0 48 48
1_5 = 192 0 48 48 0 0 48 48
1_6 = 240 0 48 48 0 0 48 48
1_7 = 288 0 48 48 0 0 48 48
1_8 = 336 0 48 48 0 0 48 48
2_1 = 0 48 48 48 0 0 48 48
2_2 = 48 48 48 48 0 0 48 48
2_3 = 96 48 48 48 0 0 48 48
2_4 = 144 48 48 48 0 0 48 48
2_5 = 192 48 48 48 0 0 48 48
2_6 = 240 48 48 48 0 0 48 48
2_7 = 288 48 48 48 0 0 48 48
2_8 = 336 48 48 48 0 0 48 48
3_1 = 0 96 48 48 0 0 48 48
3_2 = 48 96 48 48 0 0 48 48
3_3 = 96 96 48 48 0 0 48 48
3_4 = 144 96 48 48 0 0 48 48
3_5 = 192 96 48 48 0 0 48 48
3_6 = 240 96 48 48 0 0 48 48
3_7 = 288 96 48 48 0 0 48 48
3_8 = 336 96 48 48 0 0 48 48
4_1 = 0 144 48 48 0 0 48 48
4_2 = 48 144 48 48 0 0 48 48
4_3 = 96 144 48 48 0 0 48 48
4_4 = 144 144 48 48 0 0 48 48
4_5 = 192 144 48 48 0 0 48 48
4_6 = 240 144 48 48 0 0 48 48
4_7 = 288 144 48 48 0 0 48 48
4_8 = 336 144 48 48 0 0 48 48
5_1 = 0 192 48 48 0 0 48 48
5_2 = 48 192 48 48 0 0 48 48
5_3 = 96 192 48 48 0 0 48 48
5_4 = 144 192 48 48 0 0 48 48
5_5 = 192 192 48 48 0 0 48 48
5_6 = 240 192 48 48 0 0 48 48
5_7 = 288 192 48 48 0 0 48 48
5_8 = 336 192 48 48 0 0 48 48
6_1 = 0 240 48 48 0 0 48 48
6_2 = 48 240 48 48 0 0 48 48
6_3 = 96 240 48 48 0 0 48 48
6_4 = 144 240 48 48 0 0 48 48
6_5 = 192 240 48 48 0 0 48 48
6_6 = 240 240 48 48 0 0 48 48
6_7 = 288 240 48 48 0 0 48 48
6_8 = 336 240 48 48 0 0 48 48
7_1 = 0 288 48 48 0 0 48 48
7_2 = 48 288 48 48 0 0 48 48
7_3 = 96 288 48 48 0 0 48 48
7_4 = 144 288 48 48 0 0 48 48
7_5 = 192 288 48 48 0 0 48 48
7_6 = 240 288 48 48 0 0 48 48
7_7 = 288 288 48 48 0 0 48 48
7_8 = 336 288 48 48 0 0 48 48
8_1 = 0 336 48 48 0 0 48 48
8_2 = 48 336 48 48 0 0 48 48
8_3 = 96 336 48 48 0 0 48 48
8_4 = 144 336 48 48 0 0 48 48
8_5 = 192 336 48 48 0 0 48 48
8_6 = 240 336 48 48 0 0 48 48
8_7 = 288 336 48 48 0 0 48 48
8_8 = 336 336 48 48 0 0 48 48
9_1 = 0 384 48 48 0 0 48 48
9_2 = 48 384 48 48 0 0 48 48
9_3 = 96 384 48 48 0 0 48 48
9_4 = 144 384 48 48 0 0 48 48
9_5 = 192 384 48 48 0 0 48 48
9_6 = 240 384 48 48 0 0 48 48
9_7 = 288 384 48 48 0 0 48 48
9_8 = 336 384 48 48 0 0 48 48
10_1 = 0 432 48 48 0 0 48 48
10_2 = 48 432 48 48 0 0 48 48
10_3 = 96 432 48 48 0 0 48 48
10_4 = 144 432 48 48 0 0 48 48
10_5 = 192 432 48 48 0 0 48 48
10_6 = 240 432 48 48 0 0 48 48
10_7 = 288 432 48 48 0 0 48 48
10_8 = 336 432 48 48 0 0 48 48
11_1 = 0 480 48 48 0 0 48 48
11_2 = 48 480 48 48 0 0 48 48
11_3 = 96 480 48 48 0 0 48 48
11_4 = 144 480 48 48 0 0 48 48
11_5 = 192 480 48 48 0 0 48 48
11_6 = 240 480 48 48 0 0 48 48
11_7 = 288 480 48 48 0 0 48 48
11_8 = 336 480 48 48 0 0 48 48
12_1 = 0 528 48 48 0 0 48 48
12_2 = 48 528 48 48 0 0 48 48
12_3 = 96 528 48 48 0 0 48 48
12_4 = 144 528 48 48 0 0 48 48
12_5 = 192 528 48 48 0 0 48 48
12_6 = 240 528 48 48 0 0 48 48
12_7 = 288 528 48 48 0 0 48 48
12_8 = 336 528 48 48 0 0 48 48
13_1 = 0 576 48 48 0 0 48 48
13_2 = 48 576 48 48 0 0 48 48
13_3 = 96 576 48 48 0 0 48 48
13_4 = 144 576 48 48 0 0 48 48
13_5 = 192 576 48 48 0 0 48 48
13_6 = 240 576 48 48 0 0 48 48
13_7 = 288 576 48 48 0 0 48 48
13_8 = 336 576 48 48 0 0 48 48
14_1 = 0 624 48 48 0 0 48 48
14_2 = 48 624 48 48 0 0 48 48
14_3 = 96 624 48 48 0 0 48 48
14_4 = 144 624 48 48 0 0 48 48
14_5 = 192 624 48 48 0 0 48 48
14_6 = 240 624 48 48 0 0 48 48
14_7 = 288 624 48 48 0 0 48 48
14_8 = 336 624 48 48 0 0 48 48
15_1 = 0 672 48 48 0 0 48 48
15_2 = 48 672 48 48 0 0 48 48
15_3 = 96 672 48 48 0 0 48 48
15_4 = 144 672 48 48 0 0 48 48
15_5 = 192 672 48 48 0 0 48 48
15_6 = 240 672 48 48 0 0 48 48
15_7 = 288 672 48 48 0 0 48 48
15_8 = 336 672 48 48 0 0 48 48
16_1 = 0 720 48 48 0 0 48 48
16_2 = 48 720 48 48 0 0 48 48
16_3 = 96 720 48 48 0 0 48 48
16_4 = 144 720 48 48 0 0 48 48
16_5 = 192 720 48 48 0 0 48 48
16_6 = 240 720 48 48 0 0 48 48
16_7 = 288 720 48 48 0 0 48 48
16_8 = 336 720 48 48 0 0 48 48
17_1 = 0 768 48 48 0 0 48 48
17_2 = 48 768 48 48 0 0 48 48
17_3 = 96 768 48 48 0 0 48 48
17_4 = 144 768 48 48 0 0 48 48
17_5 = 192 768 48 48 0 0 48 48
17_6 = 240 768 48 48 0 0 48 48
17_7 = 288 768 48 48 0 0 48 48
17_8 = 336 768 48 48 0 0 48 48
18_1 = 0 816 48 48 0 0 48 48
18_2 = 48 816 48 48 0 0 48 48
18_3 = 96 816 48 48 0 0 48 48
18_4 = 144 816 48 48 0 0 48 48
18_5 = 192 816 48 48 0 0 48 48
18_6 = 240 816 48 48 0 0 48 48
18_7 = 288 816 48 48 0 0 48 48
18_8 = 336 816 48 48 0 0 48 48
19_1 = 0 864 48 48 0 0 48 48
19_2 = 48 864 48 48 0 0 48 48
19_3 = 96 864 48 48 0 0 48 48
19_4 = 144 864 48 48 0 0 48 48
19_5 = 192 864 48 48 0 0 48 48
19_6 = 240 864 48 48 0 0 48 48
19_7 = 288 864 48 48 0 0 48 48
19_8 = 336 864 48 48 0 0 48 48
20_1 = 0 912 48 48 0 0 48 48
20_2 = 48 912 48 48 0 0 48 48
20_3 = 96 912 48 48 0 0 48 48
20_4 = 144 912 48 48 0 0 48 48
20_5 = 192 912 48 48 0 0 48 48
20_6 = 240 912 48 48 0 0 48 48
20_7 = 288 912 48 48 0 0 48 48
20_8 = 336 912 48 48 0 0 48 48
21_1 = 0 960 48 48 0 0 48 48
21_2 = 48 960 48 48 0 0 48 48
21_3 = 96 960 48 48 0 0 48 48
21_4 = 144 960 48 48 0 0 48 48
21_5 = 192 960 48 48 0 0 48 48
21_6 = 240 960 48 48 0 0 48 48
21_7 = 288 960 48 48 0 0 48 48
21_8 = 336 960 48 48 0 0 48 48
22_1 = 0 1008 48 48 0 0 48 48
22_2 = 48 1008 48 48 0 0 48 48
22_3 = 96 1008 48 48 0 0 48 48
22_4 = 144 1008 48 48 0 0 48 48
22_5 = 192 1008 48 48 0 0 48 48
22_6 = 240 1008 48 48 0 0 48 48
22_7 = 288 1008 48 48 0 0 48 48
22_8 = 336 1008 48 48 0 0 48 48
23_1 = 0 1056 48 48 0 0 48 48
23_2 = 48 1056 48 48 0 0 48 48
23_3 = 96 1056 48 48 0 0 48 48
23_4 = 144 1056 48 48 0 0 48 48
23_5 = 192 1056 48 48 0 0 48 48
23_6 = 240 1056 48 48 0 0 48 48
23_7 = 288 1056 48 48 0 0 48 48
23_8 = 336 1056 48 48 0 0 48 48
24_1 = 0 1104 48 48 0 0 48 48
24_2 = 48 1104 48 48 0 0 48 48
24_3 = 96 1104 48 48 0 0 48 48
24_4 = 144 1104 48 48 0 0 48 48
24_5 = 192 1104 48 48 0 0 48 48
24_6 = 240 1104 48 48 0 0 48 48
24_7 = 288 1104 48 48 0 0 48 48
24_8 = 336 1104 48 48 0 0 48 48
25_1 = 0 1152 48 48 0 0 48 48
25_2 = 48 1152 48 48 0 0 48 48
25_3 = 96 1152 48 48 0 0 48 48
25_4 = 144 1152 48 48 0 0 48 48
25_5 = 192 1152 48 48 0 0 48 48
25_6 = 240 1152 48 48 0 0 48 48
25_7 = 288 1152 48 48 0 0 48 48
25_8 = 336 1152 48 48 0 0 48 48
26_1 = 0 1200 48 48 0 0 48 48
26_2 = 48 1200 48 48 0 0 48 48
26_3 = 96 1200 48 48 0 0 48 48
26_4 = 144 1200 48 48 0 0 48 48
26_5 = 192 1200 48 48 0 0 48 48
26_6 = 240 1200 48 48 0 0 48 48
26_7 = 288 1200 48 48 0 0 48 48
26_8 = 336 1200 48 48 0 0 48 48
27_1 = 0 1248 48 48 0 0 48 48
27_2 = 48 1248 48 48 0 0 48 48
27_3 = 96 1248 48 48 0 0 48 48
27_4 = 144 1248 48 48 0 0 48 48
27_5 = 192 1248 48 48 0 0 48 48
27_6 = 240 1248 48 48 0 0 48 48
27_7 = 288 1248 48 48 0 0 48 48
27_8 = 336 1248 48 48 0 0 48 48
28_1 = 0 1296 48 48 0 0 48 48
28_2 = 48 1296 48 48 0 0 48 48
28_3 = 96 1296 48 48 0 0 48 48
28_4 = 144 1296 48 48 0 0 48 48
28_5 = 192 1296 48 48 0 0 48 48
28_6 = 240 1296 48 48 0 0 48 48
28_7 = 288 1296 48 48 0 0 48 48
28_8 = 336 1296 48 48 0 0 48 48
29_1 = 0 1344 48 48 0 0 48 48
29_2 = 48 1344 48 48 0 0 48 48
29_3 = 96 1344 48 48 0 0 48 48
29_4 = 144 1344 48 48 0 0 48 48
29_5 = 192 1344 48 48 0 0 48 48
29_6 = 240 1344 48 48 0 0 48 48
29_7 = 288 1344 48 48 0 0 48 48
29_8 = 336 1344 48 48 0 0 48 48
30_1 = 0 1392 48 48 0 0 48 48
30_2 = 48 1392 48 48 0 0 48 48
30_3 = 96 1392 48 48 0 0 48 48
30_4 = 144 1392 48 48 0 0 48 48
30_5 = 192 1392 48 48 0 0 48 48
30_6 = 240 1392 48 48 0 0 48 48
30_7 = 288 1392 48 48 0 0 48 48
30_8 = 336 1392 48 48 0 0 48 48
31_1 = 0 1440 48 48 0 0 48 48
31_2 = 48 1440 48 48 0 0 48 48
31_3 = 96 1440 48 48 0 0 48 48
31_4 = 144 1440 48 48 0 0 48 48
31_5 = 192 1440 48 48 0 0 48 48
31_6 = 240 1440 48 48 0 0 48 48
31_7 = 288 1440 48 48 0 0 48 48
31_8 = 336 1440 48 48 0 0 48 48
32_1 = 0 1488 48 48 0 0 48 48
32_2 = 48 1488 48 48 0 0 48 48
32_3 = 96 1488 48 48 0 0 48 48
32_4 = 144 1488 48 48 0 0 48 48
32_5 = 192 1488 48 48 0 0 48 48
32_6 = 240 1488 48 48 0 0 48 48
32_7 = 288 1488 48 48 0 0 48 48
32_8 = 336 1488 48 48 0 0 48 48
33_1 = 0 1536 48 48 0 0 48 48
33_2 = 48 1536 48 48 0 0 48 48
33_3 = 96 1536 48 48 0 0 48 48
33_4 = 144 1536 48 48 0 0 48 48
33_5 = 192 1536 48 48 0 0 48 48
33_6 = 240 1536 48 48 0 0 48 48
33_7 = 288 1536 48 48 0 0 48 48
33_8 = 336 1536 48 48 0 0 48 48
34_1 = 0 1584 48 48 0 0 48 48
34_2 = 48 1584 48 48 0 0 48 48
34_3 = 96 1584 48 48 0 0 48 48
34_4 = 144 1584 48 48 0 0 48 48
34_5 = 192 1584 48 48 0 0 48 48
34_6 = 240 1584 48 48 0 0 48 48
34_7 = 288 1584 48 48 0 0 48 48
34_8 = 336 1584 48 48 0 0 48 48
35_1 = 0 1632 48 48 0 0 48 48
35_2 = 48 1632 48 48 0 0 48 48
35_3 = 96 1632 48 48 0 0 48 48
35_4 = 144 1632 48 48 0 0 48 48
35_5 = 192 1632 48 48 0 0 48 48
35_6 = 240 1632 48 48 0 0 48 48
35_7 = 288 1632 48 48 0 0 48 48
35_8 = 336 1632 48 48 0 0 48 48
36_1 = 0 1680 48 48 0 0 48 48
36_2 = 48 1680 48 48 0 0 48 48
36_3 = 96 1680 48 48 0 0 48 48
36_4 = 144 1680 48 48 0 0 48 48
36_5 = 192 1680 48 48 0 0 48 48
36_6 = 240 1680 48 48 0 0 48 48
36_7 = 288 1680 48 48 0 0 48 48
36_8 = 336 1680 48 48 0 0 48 48
37_1 = 0 1728 48 48 0 0 48 48
37_2 = 48 1728 48 48 0 0 48 48
37_3 = 96 1728 48 48 0 0 48 48
37_4 = 144 1728 48 48 0 0 48 48
37_5 = 192 1728 48 48 0 0 48 48
37_6 = 240 1728 48 48 0 0 48 48
37_7 = 288 1728 48 48 0 0 48 48
37_8 = 336 1728 48 48 0 0 48 48
38_1 = 0 1776 48 48 0 0 48 48
38_2 = 48 1776 48 48 0 0 48 48
38_3 = 96 1776 48 48 0 0 48 48
38_4 = 144 1776 48 48 0 0 48 48
38_5 = 192 1776 48 48 0 0 48 48
38_6 = 240 1776 48 48 0 0 48 48
38_7 = 288 1776 48 48 0 0 48 48
38_8 = 336 1776 48 48 0 0 48 48
39_1 = 0 1824 48 48 0 0 48 48
39_2 = 48 1824 48 48 0 0 48 48
39_3 = 96 1824 48 48 0 0 48 48
39_4 = 144 1824 48 48 0 0 48 48
39_5 = 192 1824 48 48 0 0 48 48
39_6 = 240 1824 48 48 0 0 48 48
39_7 = 288 1824 48 48 0 0 48 48
39_8 = 336 1824 48 48 0 0 48 48
40_1 = 0 1872 48 48 0 0 48 48
40_2 = 48 1872 48 48 0 0 48 48
40_3 = 96 1872 48 48 0 0 48 48
40_4 = 144 1872 48 48 0 0 48 48
40_5 = 192 1872 48 48 0 0 48 48
40_6 = 240 1872 48 48 0 0 48 48
40_7 = 288 1872 48 48 0 0 48 48
40_8 = 336 1872 48 48 0 0 48 48
41_1 = 0 1920 48 48 0 0 48 48
41_2 = 48 1920 48 48 0 0 48 48
41_3 = 96 1920 48 48 0 0 48 48
41_4 = 144 1920 48 48 0 0 48 48
41_5 = 192 1920 48 48 0 0 48 48
41_6 = 240 1920 48 48 0 0 48 48
41_7 = 288 1920 48 48 0 0 48 48
41_8 = 336 1920 48 48 0 0 48 48
42_1 = 0 1968 48 48 0 0 48 48
42_2 = 48 1968 48 48 0 0 48 48
42_3 = 96 1968 48 48 0 0 48 48
42_4 = 144 1968 48 48 0 0 48 48
42_5 = 192 1968 48 48 0 0 48 48
42_6 = 240 1968 48 48 0 0 48 48
42_7 = 288 1968 48 48 0 0 48 48
42_8 = 336 1968 48 48 0 0 48 48
43_1 = 0 2016 48 48 0 0 48 48
43_2 = 48 2016 48 48 0 0 48 48
43_3 = 96 2016 48 48 0 0 48 48
43_4 = 144 2016 48 48 0 0 48 48
43_5 = 192 2016 48 48 0 0 48 48
43_6 = 240 2016 48 48 0 0 48 48
43_7 = 288 2016 48 48 0 0 48 48
43_8 = 336 2016 48 48 0 0 48 48
44_1 = 0 2064 48 48 0 0 48 48
44_2 = 48 2064 48 48 0 0 48 48
44_3 = 96 2064 48 48 0 0 48 48
44_4 = 144 2064 48 48 0 0 48 48
44_5 = 192 2064 48 48 0 0 48 48
44_6 = 240 2064 48 48 0 0 48 48
44_7 = 288 2064 48 48 0 0 48 48
44_8 = 336 2064 48 48 0 0 48 48
45_1 = 0 2112 48 48 0 0 48 48
45_2 = 48 2112 48 48 0 0 48 48
45_3 = 96 2112 48 48 0 0 48 48
45_4 = 144 2112 48 48 0 0 48 48
45_5 = 192 2112 48 48 0 0 48 48
45_6 = 240 2112 48 48 0 0 48 48
45_7 = 288 2112 48 48 0 0 48 48
45_8 = 336 2112 48 48 0 0 48 48
46_1 = 0 2160 48 48 0 0 48 48
46_2 = 48 2160 48 48 0 0 48 48
46_3 = 96 2160 48 48 0 0 48 48
46_4 = 144 2160 48 48 0 0 48 48
46_5 = 192 2160 48 48 0 0 48 48
46_6 = 240 2160 48 48 0 0 48 48
46_7 = 288 2160 48 48 0 0 48 48
46_8 = 336 2160 48 48 0 0 48 48
47_1 = 0 2208 48 48 0 0 48 48
47_2 = 48 2208 48 48 0 0 48 48
47_3 = 96 2208 48 48 0 0 48 48
47_4 = 144 2208 48 48 0 0 48 48
47_5 = 192 2208 48 48 0 0 48 48
47_6 = 240 2208 48 48 0 0 48 48
47_7 = 288 2208 48 48 0 0 48 48
47_8 = 336 2208 48 48 0 0 48 48
48_1 = 0 2256 48 48 0 0 48 48
48_2 = 48 2256 48 48 0 0 48 48
48_3 = 96 2256 48 48 0 0 48 48
48_4 = 144 2256 48 48 0 0 48 48
48_5 = 192 2256 48 48 0 0 48 48
48_6 = 240 2256 48 48 0 0 48 48
48_7 = 288 2256 48 48 0 0 48 48
48_8 = 336 2256 48 48 0 0 48 48
49_1 = 0 2304 48 48 0 0 48 48
49_2 = 48 2304 48 48 0 0 48 48
49_3 = 96 2304 48 48 0 0 48 48
49_4 = 144 2304 48 48 0 0 48 48
49_5 = 192 2304 48 48 0 0 48 48
49_6 = 240 2304 48 48 0 0 48 48
49_7 = 288 2304 48 48 0 0 48 48
49_8 = 336 2304 48 48 0 0 48 48
50_1 = 0 2352 48 48 0 0 48 48
50_2 = 48 2352 48 48 0 0 48 48
50_3 = 96 2352 48 48 0 0 48 48
50_4 = 144 2352 48 48 0 0 48 48
50_5 = 192 2352 48 48 0 0 48 48
50_6 = 240 2352 48 48 0 0 48 48
50_7 = 288 2352 48 48 0 0 48 48
50_8 = 336 2352 48 48 0 0 48 48
51_1 = 0 2400 48 48 0 0 48 48
51_2 = 48 2400 48 48 0 0 48 48
51_3 = 96 2400 48 48 0 0 48 48
51_4 = 144 2400 48 48 0 0 48 48
51_5 = 192 2400 48 48 0 0 48 48
51_6 = 240 2400 48 48 0 0 48 48
51_7 = 288 2400 48 48 0 0 48 48
51_8 = 336 2400 48 48 0 0 48 48
52_1 = 0 2448 48 48 0 0 48 48
52_2 = 48 2448 48 48 0 0 48 48
52_3 = 96 2448 48 48 0 0 48 48
52_4 = 144 2448 48 48 0 0 48 48
52_5 = 192 2448 48 48 0 0 48 48
52_6 = 240 2448 48 48 0 0 48 48
52_7 = 288 2448 48 48 0 0 48 48
52_8 = 336 2448 48 48 0 0 48 48
53_1 = 0 2496 48 48 0 0 48 48
53_2 = 48 2496 48 48 0 0 48 48
53_3 = 96 2496 48 48 0 0 48 48
53_4 = 144 2496 48 48 0 0 48 48
53_5 = 192 2496 48 48 0 0 48 48
53_6 = 240 2496 48 48 0 0 48 48
53_7 = 288 2496 48 48 0 0 48 48
53_8 = 336 2496 48 48 0 0 48 48
