1_1 = 0 0 48 48 0 0 48 48
1_2 = 48 0 48 48 0 0 48 48
1_3 = 96 0 48 48 0 0 48 48
1_4 = 144 0 48 48 0 0 48 48
1_5 = 192 0 48 48 0 0 48 48
1_6 = 240 0 48 48 0 0 48 48
1_7 = 288 0 48 48 0 0 48 48
1_8 = 336 0 48 48 0 0 48 48
1_9 = 384 0 48 48 0 0 48 48
1_10 = 432 0 48 48 0 0 48 48
1_11 = 480 0 48 48 0 0 48 48
1_12 = 528 0 48 48 0 0 48 48
1_13 = 576 0 48 48 0 0 48 48
1_14 = 624 0 48 48 0 0 48 48
1_15 = 672 0 48 48 0 0 48 48
1_16 = 720 0 48 48 0 0 48 48
2_1 = 0 48 48 48 0 0 48 48
2_2 = 48 48 48 48 0 0 48 48
2_3 = 96 48 48 48 0 0 48 48
2_4 = 144 48 48 48 0 0 48 48
2_5 = 192 48 48 48 0 0 48 48
2_6 = 240 48 48 48 0 0 48 48
2_7 = 288 48 48 48 0 0 48 48
2_8 = 336 48 48 48 0 0 48 48
2_9 = 384 48 48 48 0 0 48 48
2_10 = 432 48 48 48 0 0 48 48
2_11 = 480 48 48 48 0 0 48 48
2_12 = 528 48 48 48 0 0 48 48
2_13 = 576 48 48 48 0 0 48 48
2_14 = 624 48 48 48 0 0 48 48
2_15 = 672 48 48 48 0 0 48 48
2_16 = 720 48 48 48 0 0 48 48
3_1 = 0 96 48 48 0 0 48 48
3_2 = 48 96 48 48 0 0 48 48
3_3 = 96 96 48 48 0 0 48 48
3_4 = 144 96 48 48 0 0 48 48
3_5 = 192 96 48 48 0 0 48 48
3_6 = 240 96 48 48 0 0 48 48
3_7 = 288 96 48 48 0 0 48 48
3_8 = 336 96 48 48 0 0 48 48
3_9 = 384 96 48 48 0 0 48 48
3_10 = 432 96 48 48 0 0 48 48
3_11 = 480 96 48 48 0 0 48 48
3_12 = 528 96 48 48 0 0 48 48
3_13 = 576 96 48 48 0 0 48 48
3_14 = 624 96 48 48 0 0 48 48
3_15 = 672 96 48 48 0 0 48 48
3_16 = 720 96 48 48 0 0 48 48
4_1 = 0 144 48 48 0 0 48 48
4_2 = 48 144 48 48 0 0 48 48
4_3 = 96 144 48 48 0 0 48 48
4_4 = 144 144 48 48 0 0 48 48
4_5 = 192 144 48 48 0 0 48 48
4_6 = 240 144 48 48 0 0 48 48
4_7 = 288 144 48 48 0 0 48 48
4_8 = 336 144 48 48 0 0 48 48
4_9 = 384 144 48 48 0 0 48 48
4_10 = 432 144 48 48 0 0 48 48
4_11 = 480 144 48 48 0 0 48 48
4_12 = 528 144 48 48 0 0 48 48
4_13 = 576 144 48 48 0 0 48 48
4_14 = 624 144 48 48 0 0 48 48
4_15 = 672 144 48 48 0 0 48 48
4_16 = 720 144 48 48 0 0 48 48
5_1 = 0 192 48 48 0 0 48 48
5_2 = 48 192 48 48 0 0 48 48
5_3 = 96 192 48 48 0 0 48 48
5_4 = 144 192 48 48 0 0 48 48
5_5 = 192 192 48 48 0 0 48 48
5_6 = 240 192 48 48 0 0 48 48
5_7 = 288 192 48 48 0 0 48 48
5_8 = 336 192 48 48 0 0 48 48
5_9 = 384 192 48 48 0 0 48 48
5_10 = 432 192 48 48 0 0 48 48
5_11 = 480 192 48 48 0 0 48 48
5_12 = 528 192 48 48 0 0 48 48
5_13 = 576 192 48 48 0 0 48 48
5_14 = 624 192 48 48 0 0 48 48
5_15 = 672 192 48 48 0 0 48 48
5_16 = 720 192 48 48 0 0 48 48
6_1 = 0 240 48 48 0 0 48 48
6_2 = 48 240 48 48 0 0 48 48
6_3 = 96 240 48 48 0 0 48 48
6_4 = 144 240 48 48 0 0 48 48
6_5 = 192 240 48 48 0 0 48 48
6_6 = 240 240 48 48 0 0 48 48
6_7 = 288 240 48 48 0 0 48 48
6_8 = 336 240 48 48 0 0 48 48
6_9 = 384 240 48 48 0 0 48 48
6_10 = 432 240 48 48 0 0 48 48
6_11 = 480 240 48 48 0 0 48 48
6_12 = 528 240 48 48 0 0 48 48
6_13 = 576 240 48 48 0 0 48 48
6_14 = 624 240 48 48 0 0 48 48
6_15 = 672 240 48 48 0 0 48 48
6_16 = 720 240 48 48 0 0 48 48
7_1 = 0 288 48 48 0 0 48 48
7_2 = 48 288 48 48 0 0 48 48
7_3 = 96 288 48 48 0 0 48 48
7_4 = 144 288 48 48 0 0 48 48
7_5 = 192 288 48 48 0 0 48 48
7_6 = 240 288 48 48 0 0 48 48
7_7 = 288 288 48 48 0 0 48 48
7_8 = 336 288 48 48 0 0 48 48
7_9 = 384 288 48 48 0 0 48 48
7_10 = 432 288 48 48 0 0 48 48
7_11 = 480 288 48 48 0 0 48 48
7_12 = 528 288 48 48 0 0 48 48
7_13 = 576 288 48 48 0 0 48 48
7_14 = 624 288 48 48 0 0 48 48
7_15 = 672 288 48 48 0 0 48 48
7_16 = 720 288 48 48 0 0 48 48
8_1 = 0 336 48 48 0 0 48 48
8_2 = 48 336 48 48 0 0 48 48
8_3 = 96 336 48 48 0 0 48 48
8_4 = 144 336 48 48 0 0 48 48
8_5 = 192 336 48 48 0 0 48 48
8_6 = 240 336 48 48 0 0 48 48
8_7 = 288 336 48 48 0 0 48 48
8_8 = 336 336 48 48 0 0 48 48
8_9 = 384 336 48 48 0 0 48 48
8_10 = 432 336 48 48 0 0 48 48
8_11 = 480 336 48 48 0 0 48 48
8_12 = 528 336 48 48 0 0 48 48
8_13 = 576 336 48 48 0 0 48 48
8_14 = 624 336 48 48 0 0 48 48
8_15 = 672 336 48 48 0 0 48 48
8_16 = 720 336 48 48 0 0 48 48
9_1 = 0 384 48 48 0 0 48 48
9_2 = 48 384 48 48 0 0 48 48
9_3 = 96 384 48 48 0 0 48 48
9_4 = 144 384 48 48 0 0 48 48
9_5 = 192 384 48 48 0 0 48 48
9_6 = 240 384 48 48 0 0 48 48
9_7 = 288 384 48 48 0 0 48 48
9_8 = 336 384 48 48 0 0 48 48
9_9 = 384 384 48 48 0 0 48 48
9_10 = 432 384 48 48 0 0 48 48
9_11 = 480 384 48 48 0 0 48 48
9_12 = 528 384 48 48 0 0 48 48
9_13 = 576 384 48 48 0 0 48 48
9_14 = 624 384 48 48 0 0 48 48
9_15 = 672 384 48 48 0 0 48 48
9_16 = 720 384 48 48 0 0 48 48
10_1 = 0 432 48 48 0 0 48 48
10_2 = 48 432 48 48 0 0 48 48
10_3 = 96 432 48 48 0 0 48 48
10_4 = 144 432 48 48 0 0 48 48
10_5 = 192 432 48 48 0 0 48 48
10_6 = 240 432 48 48 0 0 48 48
10_7 = 288 432 48 48 0 0 48 48
10_8 = 336 432 48 48 0 0 48 48
10_9 = 384 432 48 48 0 0 48 48
10_10 = 432 432 48 48 0 0 48 48
10_11 = 480 432 48 48 0 0 48 48
10_12 = 528 432 48 48 0 0 48 48
10_13 = 576 432 48 48 0 0 48 48
10_14 = 624 432 48 48 0 0 48 48
10_15 = 672 432 48 48 0 0 48 48
10_16 = 720 432 48 48 0 0 48 48
11_1 = 0 480 48 48 0 0 48 48
11_2 = 48 480 48 48 0 0 48 48
11_3 = 96 480 48 48 0 0 48 48
11_4 = 144 480 48 48 0 0 48 48
11_5 = 192 480 48 48 0 0 48 48
11_6 = 240 480 48 48 0 0 48 48
11_7 = 288 480 48 48 0 0 48 48
11_8 = 336 480 48 48 0 0 48 48
11_9 = 384 480 48 48 0 0 48 48
11_10 = 432 480 48 48 0 0 48 48
11_11 = 480 480 48 48 0 0 48 48
11_12 = 528 480 48 48 0 0 48 48
11_13 = 576 480 48 48 0 0 48 48
11_14 = 624 480 48 48 0 0 48 48
11_15 = 672 480 48 48 0 0 48 48
11_16 = 720 480 48 48 0 0 48 48
12_1 = 0 528 48 48 0 0 48 48
12_2 = 48 528 48 48 0 0 48 48
12_3 = 96 528 48 48 0 0 48 48
12_4 = 144 528 48 48 0 0 48 48
12_5 = 192 528 48 48 0 0 48 48
12_6 = 240 528 48 48 0 0 48 48
12_7 = 288 528 48 48 0 0 48 48
12_8 = 336 528 48 48 0 0 48 48
12_9 = 384 528 48 48 0 0 48 48
12_10 = 432 528 48 48 0 0 48 48
12_11 = 480 528 48 48 0 0 48 48
12_12 = 528 528 48 48 0 0 48 48
12_13 = 576 528 48 48 0 0 48 48
12_14 = 624 528 48 48 0 0 48 48
12_15 = 672 528 48 48 0 0 48 48
12_16 = 720 528 48 48 0 0 48 48
13_1 = 0 576 48 48 0 0 48 48
13_2 = 48 576 48 48 0 0 48 48
13_3 = 96 576 48 48 0 0 48 48
13_4 = 144 576 48 48 0 0 48 48
13_5 = 192 576 48 48 0 0 48 48
13_6 = 240 576 48 48 0 0 48 48
13_7 = 288 576 48 48 0 0 48 48
13_8 = 336 576 48 48 0 0 48 48
13_9 = 384 576 48 48 0 0 48 48
13_10 = 432 576 48 48 0 0 48 48
13_11 = 480 576 48 48 0 0 48 48
13_12 = 528 576 48 48 0 0 48 48
13_13 = 576 576 48 48 0 0 48 48
13_14 = 624 576 48 48 0 0 48 48
13_15 = 672 576 48 48 0 0 48 48
13_16 = 720 576 48 48 0 0 48 48
14_1 = 0 624 48 48 0 0 48 48
14_2 = 48 624 48 48 0 0 48 48
14_3 = 96 624 48 48 0 0 48 48
14_4 = 144 624 48 48 0 0 48 48
14_5 = 192 624 48 48 0 0 48 48
14_6 = 240 624 48 48 0 0 48 48
14_7 = 288 624 48 48 0 0 48 48
14_8 = 336 624 48 48 0 0 48 48
14_9 = 384 624 48 48 0 0 48 48
14_10 = 432 624 48 48 0 0 48 48
14_11 = 480 624 48 48 0 0 48 48
14_12 = 528 624 48 48 0 0 48 48
14_13 = 576 624 48 48 0 0 48 48
14_14 = 624 624 48 48 0 0 48 48
14_15 = 672 624 48 48 0 0 48 48
14_16 = 720 624 48 48 0 0 48 48
15_1 = 0 672 48 48 0 0 48 48
15_2 = 48 672 48 48 0 0 48 48
15_3 = 96 672 48 48 0 0 48 48
15_4 = 144 672 48 48 0 0 48 48
15_5 = 192 672 48 48 0 0 48 48
15_6 = 240 672 48 48 0 0 48 48
15_7 = 288 672 48 48 0 0 48 48
15_8 = 336 672 48 48 0 0 48 48
15_9 = 384 672 48 48 0 0 48 48
15_10 = 432 672 48 48 0 0 48 48
15_11 = 480 672 48 48 0 0 48 48
15_12 = 528 672 48 48 0 0 48 48
15_13 = 576 672 48 48 0 0 48 48
15_14 = 624 672 48 48 0 0 48 48
15_15 = 672 672 48 48 0 0 48 48
15_16 = 720 672 48 48 0 0 48 48
16_1 = 0 720 48 48 0 0 48 48
16_2 = 48 720 48 48 0 0 48 48
16_3 = 96 720 48 48 0 0 48 48
16_4 = 144 720 48 48 0 0 48 48
16_5 = 192 720 48 48 0 0 48 48
16_6 = 240 720 48 48 0 0 48 48
16_7 = 288 720 48 48 0 0 48 48
16_8 = 336 720 48 48 0 0 48 48
16_9 = 384 720 48 48 0 0 48 48
16_10 = 432 720 48 48 0 0 48 48
16_11 = 480 720 48 48 0 0 48 48
16_12 = 528 720 48 48 0 0 48 48
16_13 = 576 720 48 48 0 0 48 48
16_14 = 624 720 48 48 0 0 48 48
16_15 = 672 720 48 48 0 0 48 48
16_16 = 720 720 48 48 0 0 48 48
17_1 = 0 768 48 48 0 0 48 48
17_2 = 48 768 48 48 0 0 48 48
17_3 = 96 768 48 48 0 0 48 48
17_4 = 144 768 48 48 0 0 48 48
17_5 = 192 768 48 48 0 0 48 48
17_6 = 240 768 48 48 0 0 48 48
17_7 = 288 768 48 48 0 0 48 48
17_8 = 336 768 48 48 0 0 48 48
17_9 = 384 768 48 48 0 0 48 48
17_10 = 432 768 48 48 0 0 48 48
17_11 = 480 768 48 48 0 0 48 48
17_12 = 528 768 48 48 0 0 48 48
17_13 = 576 768 48 48 0 0 48 48
17_14 = 624 768 48 48 0 0 48 48
17_15 = 672 768 48 48 0 0 48 48
17_16 = 720 768 48 48 0 0 48 48
18_1 = 0 816 48 48 0 0 48 48
18_2 = 48 816 48 48 0 0 48 48
18_3 = 96 816 48 48 0 0 48 48
18_4 = 144 816 48 48 0 0 48 48
18_5 = 192 816 48 48 0 0 48 48
18_6 = 240 816 48 48 0 0 48 48
18_7 = 288 816 48 48 0 0 48 48
18_8 = 336 816 48 48 0 0 48 48
18_9 = 384 816 48 48 0 0 48 48
18_10 = 432 816 48 48 0 0 48 48
18_11 = 480 816 48 48 0 0 48 48
18_12 = 528 816 48 48 0 0 48 48
18_13 = 576 816 48 48 0 0 48 48
18_14 = 624 816 48 48 0 0 48 48
18_15 = 672 816 48 48 0 0 48 48
18_16 = 720 816 48 48 0 0 48 48
19_1 = 0 864 48 48 0 0 48 48
19_2 = 48 864 48 48 0 0 48 48
19_3 = 96 864 48 48 0 0 48 48
19_4 = 144 864 48 48 0 0 48 48
19_5 = 192 864 48 48 0 0 48 48
19_6 = 240 864 48 48 0 0 48 48
19_7 = 288 864 48 48 0 0 48 48
19_8 = 336 864 48 48 0 0 48 48
19_9 = 384 864 48 48 0 0 48 48
19_10 = 432 864 48 48 0 0 48 48
19_11 = 480 864 48 48 0 0 48 48
19_12 = 528 864 48 48 0 0 48 48
19_13 = 576 864 48 48 0 0 48 48
19_14 = 624 864 48 48 0 0 48 48
19_15 = 672 864 48 48 0 0 48 48
19_16 = 720 864 48 48 0 0 48 48
20_1 = 0 912 48 48 0 0 48 48
20_2 = 48 912 48 48 0 0 48 48
20_3 = 96 912 48 48 0 0 48 48
20_4 = 144 912 48 48 0 0 48 48
20_5 = 192 912 48 48 0 0 48 48
20_6 = 240 912 48 48 0 0 48 48
20_7 = 288 912 48 48 0 0 48 48
20_8 = 336 912 48 48 0 0 48 48
20_9 = 384 912 48 48 0 0 48 48
20_10 = 432 912 48 48 0 0 48 48
20_11 = 480 912 48 48 0 0 48 48
20_12 = 528 912 48 48 0 0 48 48
20_13 = 576 912 48 48 0 0 48 48
20_14 = 624 912 48 48 0 0 48 48
20_15 = 672 912 48 48 0 0 48 48
20_16 = 720 912 48 48 0 0 48 48
21_1 = 0 960 48 48 0 0 48 48
21_2 = 48 960 48 48 0 0 48 48
21_3 = 96 960 48 48 0 0 48 48
21_4 = 144 960 48 48 0 0 48 48
21_5 = 192 960 48 48 0 0 48 48
21_6 = 240 960 48 48 0 0 48 48
21_7 = 288 960 48 48 0 0 48 48
21_8 = 336 960 48 48 0 0 48 48
21_9 = 384 960 48 48 0 0 48 48
21_10 = 432 960 48 48 0 0 48 48
21_11 = 480 960 48 48 0 0 48 48
21_12 = 528 960 48 48 0 0 48 48
21_13 = 576 960 48 48 0 0 48 48
21_14 = 624 960 48 48 0 0 48 48
21_15 = 672 960 48 48 0 0 48 48
21_16 = 720 960 48 48 0 0 48 48
22_1 = 0 1008 48 48 0 0 48 48
22_2 = 48 1008 48 48 0 0 48 48
22_3 = 96 1008 48 48 0 0 48 48
22_4 = 144 1008 48 48 0 0 48 48
22_5 = 192 1008 48 48 0 0 48 48
22_6 = 240 1008 48 48 0 0 48 48
22_7 = 288 1008 48 48 0 0 48 48
22_8 = 336 1008 48 48 0 0 48 48
22_9 = 384 1008 48 48 0 0 48 48
22_10 = 432 1008 48 48 0 0 48 48
22_11 = 480 1008 48 48 0 0 48 48
22_12 = 528 1008 48 48 0 0 48 48
22_13 = 576 1008 48 48 0 0 48 48
22_14 = 624 1008 48 48 0 0 48 48
22_15 = 672 1008 48 48 0 0 48 48
22_16 = 720 1008 48 48 0 0 48 48
23_1 = 0 1056 48 48 0 0 48 48
23_2 = 48 1056 48 48 0 0 48 48
23_3 = 96 1056 48 48 0 0 48 48
23_4 = 144 1056 48 48 0 0 48 48
23_5 = 192 1056 48 48 0 0 48 48
23_6 = 240 1056 48 48 0 0 48 48
23_7 = 288 1056 48 48 0 0 48 48
23_8 = 336 1056 48 48 0 0 48 48
23_9 = 384 1056 48 48 0 0 48 48
23_10 = 432 1056 48 48 0 0 48 48
23_11 = 480 1056 48 48 0 0 48 48
23_12 = 528 1056 48 48 0 0 48 48
23_13 = 576 1056 48 48 0 0 48 48
23_14 = 624 1056 48 48 0 0 48 48
23_15 = 672 1056 48 48 0 0 48 48
23_16 = 720 1056 48 48 0 0 48 48
24_1 = 0 1104 48 48 0 0 48 48
24_2 = 48 1104 48 48 0 0 48 48
24_3 = 96 1104 48 48 0 0 48 48
24_4 = 144 1104 48 48 0 0 48 48
24_5 = 192 1104 48 48 0 0 48 48
24_6 = 240 1104 48 48 0 0 48 48
24_7 = 288 1104 48 48 0 0 48 48
24_8 = 336 1104 48 48 0 0 48 48
24_9 = 384 1104 48 48 0 0 48 48
24_10 = 432 1104 48 48 0 0 48 48
24_11 = 480 1104 48 48 0 0 48 48
24_12 = 528 1104 48 48 0 0 48 48
24_13 = 576 1104 48 48 0 0 48 48
24_14 = 624 1104 48 48 0 0 48 48
24_15 = 672 1104 48 48 0 0 48 48
24_16 = 720 1104 48 48 0 0 48 48
25_1 = 0 1152 48 48 0 0 48 48
25_2 = 48 1152 48 48 0 0 48 48
25_3 = 96 1152 48 48 0 0 48 48
25_4 = 144 1152 48 48 0 0 48 48
25_5 = 192 1152 48 48 0 0 48 48
25_6 = 240 1152 48 48 0 0 48 48
25_7 = 288 1152 48 48 0 0 48 48
25_8 = 336 1152 48 48 0 0 48 48
25_9 = 384 1152 48 48 0 0 48 48
25_10 = 432 1152 48 48 0 0 48 48
25_11 = 480 1152 48 48 0 0 48 48
25_12 = 528 1152 48 48 0 0 48 48
25_13 = 576 1152 48 48 0 0 48 48
25_14 = 624 1152 48 48 0 0 48 48
25_15 = 672 1152 48 48 0 0 48 48
25_16 = 720 1152 48 48 0 0 48 48
26_1 = 0 1200 48 48 0 0 48 48
26_2 = 48 1200 48 48 0 0 48 48
26_3 = 96 1200 48 48 0 0 48 48
26_4 = 144 1200 48 48 0 0 48 48
26_5 = 192 1200 48 48 0 0 48 48
26_6 = 240 1200 48 48 0 0 48 48
26_7 = 288 1200 48 48 0 0 48 48
26_8 = 336 1200 48 48 0 0 48 48
26_9 = 384 1200 48 48 0 0 48 48
26_10 = 432 1200 48 48 0 0 48 48
26_11 = 480 1200 48 48 0 0 48 48
26_12 = 528 1200 48 48 0 0 48 48
26_13 = 576 1200 48 48 0 0 48 48
26_14 = 624 1200 48 48 0 0 48 48
26_15 = 672 1200 48 48 0 0 48 48
26_16 = 720 1200 48 48 0 0 48 48
27_1 = 0 1248 48 48 0 0 48 48
27_2 = 48 1248 48 48 0 0 48 48
27_3 = 96 1248 48 48 0 0 48 48
27_4 = 144 1248 48 48 0 0 48 48
27_5 = 192 1248 48 48 0 0 48 48
27_6 = 240 1248 48 48 0 0 48 48
27_7 = 288 1248 48 48 0 0 48 48
27_8 = 336 1248 48 48 0 0 48 48
27_9 = 384 1248 48 48 0 0 48 48
27_10 = 432 1248 48 48 0 0 48 48
27_11 = 480 1248 48 48 0 0 48 48
27_12 = 528 1248 48 48 0 0 48 48
27_13 = 576 1248 48 48 0 0 48 48
27_14 = 624 1248 48 48 0 0 48 48
27_15 = 672 1248 48 48 0 0 48 48
27_16 = 720 1248 48 48 0 0 48 48
28_1 = 0 1296 48 48 0 0 48 48
28_2 = 48 1296 48 48 0 0 48 48
28_3 = 96 1296 48 48 0 0 48 48
28_4 = 144 1296 48 48 0 0 48 48
28_5 = 192 1296 48 48 0 0 48 48
28_6 = 240 1296 48 48 0 0 48 48
28_7 = 288 1296 48 48 0 0 48 48
28_8 = 336 1296 48 48 0 0 48 48
28_9 = 384 1296 48 48 0 0 48 48
28_10 = 432 1296 48 48 0 0 48 48
28_11 = 480 1296 48 48 0 0 48 48
28_12 = 528 1296 48 48 0 0 48 48
28_13 = 576 1296 48 48 0 0 48 48
28_14 = 624 1296 48 48 0 0 48 48
28_15 = 672 1296 48 48 0 0 48 48
28_16 = 720 1296 48 48 0 0 48 48
29_1 = 0 1344 48 48 0 0 48 48
29_2 = 48 1344 48 48 0 0 48 48
29_3 = 96 1344 48 48 0 0 48 48
29_4 = 144 1344 48 48 0 0 48 48
29_5 = 192 1344 48 48 0 0 48 48
29_6 = 240 1344 48 48 0 0 48 48
29_7 = 288 1344 48 48 0 0 48 48
29_8 = 336 1344 48 48 0 0 48 48
29_9 = 384 1344 48 48 0 0 48 48
29_10 = 432 1344 48 48 0 0 48 48
29_11 = 480 1344 48 48 0 0 48 48
29_12 = 528 1344 48 48 0 0 48 48
29_13 = 576 1344 48 48 0 0 48 48
29_14 = 624 1344 48 48 0 0 48 48
29_15 = 672 1344 48 48 0 0 48 48
29_16 = 720 1344 48 48 0 0 48 48
30_1 = 0 1392 48 48 0 0 48 48
30_2 = 48 1392 48 48 0 0 48 48
30_3 = 96 1392 48 48 0 0 48 48
30_4 = 144 1392 48 48 0 0 48 48
30_5 = 192 1392 48 48 0 0 48 48
30_6 = 240 1392 48 48 0 0 48 48
30_7 = 288 1392 48 48 0 0 48 48
30_8 = 336 1392 48 48 0 0 48 48
30_9 = 384 1392 48 48 0 0 48 48
30_10 = 432 1392 48 48 0 0 48 48
30_11 = 480 1392 48 48 0 0 48 48
30_12 = 528 1392 48 48 0 0 48 48
30_13 = 576 1392 48 48 0 0 48 48
30_14 = 624 1392 48 48 0 0 48 48
30_15 = 672 1392 48 48 0 0 48 48
30_16 = 720 1392 48 48 0 0 48 48
31_1 = 0 1440 48 48 0 0 48 48
31_2 = 48 1440 48 48 0 0 48 48
31_3 = 96 1440 48 48 0 0 48 48
31_4 = 144 1440 48 48 0 0 48 48
31_5 = 192 1440 48 48 0 0 48 48
31_6 = 240 1440 48 48 0 0 48 48
31_7 = 288 1440 48 48 0 0 48 48
31_8 = 336 1440 48 48 0 0 48 48
31_9 = 384 1440 48 48 0 0 48 48
31_10 = 432 1440 48 48 0 0 48 48
31_11 = 480 1440 48 48 0 0 48 48
31_12 = 528 1440 48 48 0 0 48 48
31_13 = 576 1440 48 48 0 0 48 48
31_14 = 624 1440 48 48 0 0 48 48
31_15 = 672 1440 48 48 0 0 48 48
31_16 = 720 1440 48 48 0 0 48 48
32_1 = 0 1488 48 48 0 0 48 48
32_2 = 48 1488 48 48 0 0 48 48
32_3 = 96 1488 48 48 0 0 48 48
32_4 = 144 1488 48 48 0 0 48 48
32_5 = 192 1488 48 48 0 0 48 48
32_6 = 240 1488 48 48 0 0 48 48
32_7 = 288 1488 48 48 0 0 48 48
32_8 = 336 1488 48 48 0 0 48 48
32_9 = 384 1488 48 48 0 0 48 48
32_10 = 432 1488 48 48 0 0 48 48
32_11 = 480 1488 48 48 0 0 48 48
32_12 = 528 1488 48 48 0 0 48 48
32_13 = 576 1488 48 48 0 0 48 48
32_14 = 624 1488 48 48 0 0 48 48
32_15 = 672 1488 48 48 0 0 48 48
32_16 = 720 1488 48 48 0 0 48 48
33_1 = 0 1536 48 48 0 0 48 48
33_2 = 48 1536 48 48 0 0 48 48
33_3 = 96 1536 48 48 0 0 48 48
33_4 = 144 1536 48 48 0 0 48 48
33_5 = 192 1536 48 48 0 0 48 48
33_6 = 240 1536 48 48 0 0 48 48
33_7 = 288 1536 48 48 0 0 48 48
33_8 = 336 1536 48 48 0 0 48 48
33_9 = 384 1536 48 48 0 0 48 48
33_10 = 432 1536 48 48 0 0 48 48
33_11 = 480 1536 48 48 0 0 48 48
33_12 = 528 1536 48 48 0 0 48 48
33_13 = 576 1536 48 48 0 0 48 48
33_14 = 624 1536 48 48 0 0 48 48
33_15 = 672 1536 48 48 0 0 48 48
33_16 = 720 1536 48 48 0 0 48 48
34_1 = 0 1584 48 48 0 0 48 48
34_2 = 48 1584 48 48 0 0 48 48
34_3 = 96 1584 48 48 0 0 48 48
34_4 = 144 1584 48 48 0 0 48 48
34_5 = 192 1584 48 48 0 0 48 48
34_6 = 240 1584 48 48 0 0 48 48
34_7 = 288 1584 48 48 0 0 48 48
34_8 = 336 1584 48 48 0 0 48 48
34_9 = 384 1584 48 48 0 0 48 48
34_10 = 432 1584 48 48 0 0 48 48
34_11 = 480 1584 48 48 0 0 48 48
34_12 = 528 1584 48 48 0 0 48 48
34_13 = 576 1584 48 48 0 0 48 48
34_14 = 624 1584 48 48 0 0 48 48
34_15 = 672 1584 48 48 0 0 48 48
34_16 = 720 1584 48 48 0 0 48 48
35_1 = 0 1632 48 48 0 0 48 48
35_2 = 48 1632 48 48 0 0 48 48
35_3 = 96 1632 48 48 0 0 48 48
35_4 = 144 1632 48 48 0 0 48 48
35_5 = 192 1632 48 48 0 0 48 48
35_6 = 240 1632 48 48 0 0 48 48
35_7 = 288 1632 48 48 0 0 48 48
35_8 = 336 1632 48 48 0 0 48 48
35_9 = 384 1632 48 48 0 0 48 48
35_10 = 432 1632 48 48 0 0 48 48
35_11 = 480 1632 48 48 0 0 48 48
35_12 = 528 1632 48 48 0 0 48 48
35_13 = 576 1632 48 48 0 0 48 48
35_14 = 624 1632 48 48 0 0 48 48
35_15 = 672 1632 48 48 0 0 48 48
35_16 = 720 1632 48 48 0 0 48 48
36_1 = 0 1680 48 48 0 0 48 48
36_2 = 48 1680 48 48 0 0 48 48
36_3 = 96 1680 48 48 0 0 48 48
36_4 = 144 1680 48 48 0 0 48 48
36_5 = 192 1680 48 48 0 0 48 48
36_6 = 240 1680 48 48 0 0 48 48
36_7 = 288 1680 48 48 0 0 48 48
36_8 = 336 1680 48 48 0 0 48 48
36_9 = 384 1680 48 48 0 0 48 48
36_10 = 432 1680 48 48 0 0 48 48
36_11 = 480 1680 48 48 0 0 48 48
36_12 = 528 1680 48 48 0 0 48 48
36_13 = 576 1680 48 48 0 0 48 48
36_14 = 624 1680 48 48 0 0 48 48
36_15 = 672 1680 48 48 0 0 48 48
36_16 = 720 1680 48 48 0 0 48 48
37_1 = 0 1728 48 48 0 0 48 48
37_2 = 48 1728 48 48 0 0 48 48
37_3 = 96 1728 48 48 0 0 48 48
37_4 = 144 1728 48 48 0 0 48 48
37_5 = 192 1728 48 48 0 0 48 48
37_6 = 240 1728 48 48 0 0 48 48
37_7 = 288 1728 48 48 0 0 48 48
37_8 = 336 1728 48 48 0 0 48 48
37_9 = 384 1728 48 48 0 0 48 48
37_10 = 432 1728 48 48 0 0 48 48
37_11 = 480 1728 48 48 0 0 48 48
37_12 = 528 1728 48 48 0 0 48 48
37_13 = 576 1728 48 48 0 0 48 48
37_14 = 624 1728 48 48 0 0 48 48
37_15 = 672 1728 48 48 0 0 48 48
37_16 = 720 1728 48 48 0 0 48 48
38_1 = 0 1776 48 48 0 0 48 48
38_2 = 48 1776 48 48 0 0 48 48
38_3 = 96 1776 48 48 0 0 48 48
38_4 = 144 1776 48 48 0 0 48 48
38_5 = 192 1776 48 48 0 0 48 48
38_6 = 240 1776 48 48 0 0 48 48
38_7 = 288 1776 48 48 0 0 48 48
38_8 = 336 1776 48 48 0 0 48 48
38_9 = 384 1776 48 48 0 0 48 48
38_10 = 432 1776 48 48 0 0 48 48
38_11 = 480 1776 48 48 0 0 48 48
38_12 = 528 1776 48 48 0 0 48 48
38_13 = 576 1776 48 48 0 0 48 48
38_14 = 624 1776 48 48 0 0 48 48
38_15 = 672 1776 48 48 0 0 48 48
38_16 = 720 1776 48 48 0 0 48 48
39_1 = 0 1824 48 48 0 0 48 48
39_2 = 48 1824 48 48 0 0 48 48
39_3 = 96 1824 48 48 0 0 48 48
39_4 = 144 1824 48 48 0 0 48 48
39_5 = 192 1824 48 48 0 0 48 48
39_6 = 240 1824 48 48 0 0 48 48
39_7 = 288 1824 48 48 0 0 48 48
39_8 = 336 1824 48 48 0 0 48 48
39_9 = 384 1824 48 48 0 0 48 48
39_10 = 432 1824 48 48 0 0 48 48
39_11 = 480 1824 48 48 0 0 48 48
39_12 = 528 1824 48 48 0 0 48 48
39_13 = 576 1824 48 48 0 0 48 48
39_14 = 624 1824 48 48 0 0 48 48
39_15 = 672 1824 48 48 0 0 48 48
39_16 = 720 1824 48 48 0 0 48 48
40_1 = 0 1872 48 48 0 0 48 48
40_2 = 48 1872 48 48 0 0 48 48
40_3 = 96 1872 48 48 0 0 48 48
40_4 = 144 1872 48 48 0 0 48 48
40_5 = 192 1872 48 48 0 0 48 48
40_6 = 240 1872 48 48 0 0 48 48
40_7 = 288 1872 48 48 0 0 48 48
40_8 = 336 1872 48 48 0 0 48 48
40_9 = 384 1872 48 48 0 0 48 48
40_10 = 432 1872 48 48 0 0 48 48
40_11 = 480 1872 48 48 0 0 48 48
40_12 = 528 1872 48 48 0 0 48 48
40_13 = 576 1872 48 48 0 0 48 48
40_14 = 624 1872 48 48 0 0 48 48
40_15 = 672 1872 48 48 0 0 48 48
40_16 = 720 1872 48 48 0 0 48 48
41_1 = 0 1920 48 48 0 0 48 48
41_2 = 48 1920 48 48 0 0 48 48
41_3 = 96 1920 48 48 0 0 48 48
41_4 = 144 1920 48 48 0 0 48 48
41_5 = 192 1920 48 48 0 0 48 48
41_6 = 240 1920 48 48 0 0 48 48
41_7 = 288 1920 48 48 0 0 48 48
41_8 = 336 1920 48 48 0 0 48 48
41_9 = 384 1920 48 48 0 0 48 48
41_10 = 432 1920 48 48 0 0 48 48
41_11 = 480 1920 48 48 0 0 48 48
41_12 = 528 1920 48 48 0 0 48 48
41_13 = 576 1920 48 48 0 0 48 48
41_14 = 624 1920 48 48 0 0 48 48
41_15 = 672 1920 48 48 0 0 48 48
41_16 = 720 1920 48 48 0 0 48 48
42_1 = 0 1968 48 48 0 0 48 48
42_2 = 48 1968 48 48 0 0 48 48
42_3 = 96 1968 48 48 0 0 48 48
42_4 = 144 1968 48 48 0 0 48 48
42_5 = 192 1968 48 48 0 0 48 48
42_6 = 240 1968 48 48 0 0 48 48
42_7 = 288 1968 48 48 0 0 48 48
42_8 = 336 1968 48 48 0 0 48 48
42_9 = 384 1968 48 48 0 0 48 48
42_10 = 432 1968 48 48 0 0 48 48
42_11 = 480 1968 48 48 0 0 48 48
42_12 = 528 1968 48 48 0 0 48 48
42_13 = 576 1968 48 48 0 0 48 48
42_14 = 624 1968 48 48 0 0 48 48
42_15 = 672 1968 48 48 0 0 48 48
42_16 = 720 1968 48 48 0 0 48 48
43_1 = 0 2016 48 48 0 0 48 48
43_2 = 48 2016 48 48 0 0 48 48
43_3 = 96 2016 48 48 0 0 48 48
43_4 = 144 2016 48 48 0 0 48 48
43_5 = 192 2016 48 48 0 0 48 48
43_6 = 240 2016 48 48 0 0 48 48
43_7 = 288 2016 48 48 0 0 48 48
43_8 = 336 2016 48 48 0 0 48 48
43_9 = 384 2016 48 48 0 0 48 48
43_10 = 432 2016 48 48 0 0 48 48
43_11 = 480 2016 48 48 0 0 48 48
43_12 = 528 2016 48 48 0 0 48 48
43_13 = 576 2016 48 48 0 0 48 48
43_14 = 624 2016 48 48 0 0 48 48
43_15 = 672 2016 48 48 0 0 48 48
43_16 = 720 2016 48 48 0 0 48 48
44_1 = 0 2064 48 48 0 0 48 48
44_2 = 48 2064 48 48 0 0 48 48
44_3 = 96 2064 48 48 0 0 48 48
44_4 = 144 2064 48 48 0 0 48 48
44_5 = 192 2064 48 48 0 0 48 48
44_6 = 240 2064 48 48 0 0 48 48
44_7 = 288 2064 48 48 0 0 48 48
44_8 = 336 2064 48 48 0 0 48 48
44_9 = 384 2064 48 48 0 0 48 48
44_10 = 432 2064 48 48 0 0 48 48
44_11 = 480 2064 48 48 0 0 48 48
44_12 = 528 2064 48 48 0 0 48 48
44_13 = 576 2064 48 48 0 0 48 48
44_14 = 624 2064 48 48 0 0 48 48
44_15 = 672 2064 48 48 0 0 48 48
44_16 = 720 2064 48 48 0 0 48 48
45_1 = 0 2112 48 48 0 0 48 48
45_2 = 48 2112 48 48 0 0 48 48
45_3 = 96 2112 48 48 0 0 48 48
45_4 = 144 2112 48 48 0 0 48 48
45_5 = 192 2112 48 48 0 0 48 48
45_6 = 240 2112 48 48 0 0 48 48
45_7 = 288 2112 48 48 0 0 48 48
45_8 = 336 2112 48 48 0 0 48 48
45_9 = 384 2112 48 48 0 0 48 48
45_10 = 432 2112 48 48 0 0 48 48
45_11 = 480 2112 48 48 0 0 48 48
45_12 = 528 2112 48 48 0 0 48 48
45_13 = 576 2112 48 48 0 0 48 48
45_14 = 624 2112 48 48 0 0 48 48
45_15 = 672 2112 48 48 0 0 48 48
45_16 = 720 2112 48 48 0 0 48 48
46_1 = 0 2160 48 48 0 0 48 48
46_2 = 48 2160 48 48 0 0 48 48
46_3 = 96 2160 48 48 0 0 48 48
46_4 = 144 2160 48 48 0 0 48 48
46_5 = 192 2160 48 48 0 0 48 48
46_6 = 240 2160 48 48 0 0 48 48
46_7 = 288 2160 48 48 0 0 48 48
46_8 = 336 2160 48 48 0 0 48 48
46_9 = 384 2160 48 48 0 0 48 48
46_10 = 432 2160 48 48 0 0 48 48
46_11 = 480 2160 48 48 0 0 48 48
46_12 = 528 2160 48 48 0 0 48 48
46_13 = 576 2160 48 48 0 0 48 48
46_14 = 624 2160 48 48 0 0 48 48
46_15 = 672 2160 48 48 0 0 48 48
46_16 = 720 2160 48 48 0 0 48 48
47_1 = 0 2208 48 48 0 0 48 48
47_2 = 48 2208 48 48 0 0 48 48
47_3 = 96 2208 48 48 0 0 48 48
47_4 = 144 2208 48 48 0 0 48 48
47_5 = 192 2208 48 48 0 0 48 48
47_6 = 240 2208 48 48 0 0 48 48
47_7 = 288 2208 48 48 0 0 48 48
47_8 = 336 2208 48 48 0 0 48 48
47_9 = 384 2208 48 48 0 0 48 48
47_10 = 432 2208 48 48 0 0 48 48
47_11 = 480 2208 48 48 0 0 48 48
47_12 = 528 2208 48 48 0 0 48 48
47_13 = 576 2208 48 48 0 0 48 48
47_14 = 624 2208 48 48 0 0 48 48
47_15 = 672 2208 48 48 0 0 48 48
47_16 = 720 2208 48 48 0 0 48 48
48_1 = 0 2256 48 48 0 0 48 48
48_2 = 48 2256 48 48 0 0 48 48
48_3 = 96 2256 48 48 0 0 48 48
48_4 = 144 2256 48 48 0 0 48 48
48_5 = 192 2256 48 48 0 0 48 48
48_6 = 240 2256 48 48 0 0 48 48
48_7 = 288 2256 48 48 0 0 48 48
48_8 = 336 2256 48 48 0 0 48 48
48_9 = 384 2256 48 48 0 0 48 48
48_10 = 432 2256 48 48 0 0 48 48
48_11 = 480 2256 48 48 0 0 48 48
48_12 = 528 2256 48 48 0 0 48 48
48_13 = 576 2256 48 48 0 0 48 48
48_14 = 624 2256 48 48 0 0 48 48
48_15 = 672 2256 48 48 0 0 48 48
48_16 = 720 2256 48 48 0 0 48 48
49_1 = 0 2304 48 48 0 0 48 48
49_2 = 48 2304 48 48 0 0 48 48
49_3 = 96 2304 48 48 0 0 48 48
49_4 = 144 2304 48 48 0 0 48 48
49_5 = 192 2304 48 48 0 0 48 48
49_6 = 240 2304 48 48 0 0 48 48
49_7 = 288 2304 48 48 0 0 48 48
49_8 = 336 2304 48 48 0 0 48 48
49_9 = 384 2304 48 48 0 0 48 48
49_10 = 432 2304 48 48 0 0 48 48
49_11 = 480 2304 48 48 0 0 48 48
49_12 = 528 2304 48 48 0 0 48 48
49_13 = 576 2304 48 48 0 0 48 48
49_14 = 624 2304 48 48 0 0 48 48
49_15 = 672 2304 48 48 0 0 48 48
49_16 = 720 2304 48 48 0 0 48 48
50_1 = 0 2352 48 48 0 0 48 48
50_2 = 48 2352 48 48 0 0 48 48
50_3 = 96 2352 48 48 0 0 48 48
50_4 = 144 2352 48 48 0 0 48 48
50_5 = 192 2352 48 48 0 0 48 48
50_6 = 240 2352 48 48 0 0 48 48
50_7 = 288 2352 48 48 0 0 48 48
50_8 = 336 2352 48 48 0 0 48 48
50_9 = 384 2352 48 48 0 0 48 48
50_10 = 432 2352 48 48 0 0 48 48
50_11 = 480 2352 48 48 0 0 48 48
50_12 = 528 2352 48 48 0 0 48 48
50_13 = 576 2352 48 48 0 0 48 48
50_14 = 624 2352 48 48 0 0 48 48
50_15 = 672 2352 48 48 0 0 48 48
50_16 = 720 2352 48 48 0 0 48 48
51_1 = 0 2400 48 48 0 0 48 48
51_2 = 48 2400 48 48 0 0 48 48
51_3 = 96 2400 48 48 0 0 48 48
51_4 = 144 2400 48 48 0 0 48 48
51_5 = 192 2400 48 48 0 0 48 48
51_6 = 240 2400 48 48 0 0 48 48
51_7 = 288 2400 48 48 0 0 48 48
51_8 = 336 2400 48 48 0 0 48 48
51_9 = 384 2400 48 48 0 0 48 48
51_10 = 432 2400 48 48 0 0 48 48
51_11 = 480 2400 48 48 0 0 48 48
51_12 = 528 2400 48 48 0 0 48 48
51_13 = 576 2400 48 48 0 0 48 48
51_14 = 624 2400 48 48 0 0 48 48
51_15 = 672 2400 48 48 0 0 48 48
51_16 = 720 2400 48 48 0 0 48 48
52_1 = 0 2448 48 48 0 0 48 48
52_2 = 48 2448 48 48 0 0 48 48
52_3 = 96 2448 48 48 0 0 48 48
52_4 = 144 2448 48 48 0 0 48 48
52_5 = 192 2448 48 48 0 0 48 48
52_6 = 240 2448 48 48 0 0 48 48
52_7 = 288 2448 48 48 0 0 48 48
52_8 = 336 2448 48 48 0 0 48 48
52_9 = 384 2448 48 48 0 0 48 48
52_10 = 432 2448 48 48 0 0 48 48
52_11 = 480 2448 48 48 0 0 48 48
52_12 = 528 2448 48 48 0 0 48 48
52_13 = 576 2448 48 48 0 0 48 48
52_14 = 624 2448 48 48 0 0 48 48
52_15 = 672 2448 48 48 0 0 48 48
52_16 = 720 2448 48 48 0 0 48 48
53_1 = 0 2496 48 48 0 0 48 48
53_2 = 48 2496 48 48 0 0 48 48
53_3 = 96 2496 48 48 0 0 48 48
53_4 = 144 2496 48 48 0 0 48 48
53_5 = 192 2496 48 48 0 0 48 48
53_6 = 240 2496 48 48 0 0 48 48
53_7 = 288 2496 48 48 0 0 48 48
53_8 = 336 2496 48 48 0 0 48 48
53_9 = 384 2496 48 48 0 0 48 48
53_10 = 432 2496 48 48 0 0 48 48
53_11 = 480 2496 48 48 0 0 48 48
53_12 = 528 2496 48 48 0 0 48 48
53_13 = 576 2496 48 48 0 0 48 48
53_14 = 624 2496 48 48 0 0 48 48
53_15 = 672 2496 48 48 0 0 48 48
53_16 = 720 2496 48 48 0 0 48 48
54_1 = 0 2544 48 48 0 0 48 48
54_2 = 48 2544 48 48 0 0 48 48
54_3 = 96 2544 48 48 0 0 48 48
54_4 = 144 2544 48 48 0 0 48 48
54_5 = 192 2544 48 48 0 0 48 48
54_6 = 240 2544 48 48 0 0 48 48
54_7 = 288 2544 48 48 0 0 48 48
54_8 = 336 2544 48 48 0 0 48 48
54_9 = 384 2544 48 48 0 0 48 48
54_10 = 432 2544 48 48 0 0 48 48
54_11 = 480 2544 48 48 0 0 48 48
54_12 = 528 2544 48 48 0 0 48 48
54_13 = 576 2544 48 48 0 0 48 48
54_14 = 624 2544 48 48 0 0 48 48
54_15 = 672 2544 48 48 0 0 48 48
54_16 = 720 2544 48 48 0 0 48 48
55_1 = 0 2592 48 48 0 0 48 48
55_2 = 48 2592 48 48 0 0 48 48
55_3 = 96 2592 48 48 0 0 48 48
55_4 = 144 2592 48 48 0 0 48 48
55_5 = 192 2592 48 48 0 0 48 48
55_6 = 240 2592 48 48 0 0 48 48
55_7 = 288 2592 48 48 0 0 48 48
55_8 = 336 2592 48 48 0 0 48 48
55_9 = 384 2592 48 48 0 0 48 48
55_10 = 432 2592 48 48 0 0 48 48
55_11 = 480 2592 48 48 0 0 48 48
55_12 = 528 2592 48 48 0 0 48 48
55_13 = 576 2592 48 48 0 0 48 48
55_14 = 624 2592 48 48 0 0 48 48
55_15 = 672 2592 48 48 0 0 48 48
55_16 = 720 2592 48 48 0 0 48 48
56_1 = 0 2640 48 48 0 0 48 48
56_2 = 48 2640 48 48 0 0 48 48
56_3 = 96 2640 48 48 0 0 48 48
56_4 = 144 2640 48 48 0 0 48 48
56_5 = 192 2640 48 48 0 0 48 48
56_6 = 240 2640 48 48 0 0 48 48
56_7 = 288 2640 48 48 0 0 48 48
56_8 = 336 2640 48 48 0 0 48 48
56_9 = 384 2640 48 48 0 0 48 48
56_10 = 432 2640 48 48 0 0 48 48
56_11 = 480 2640 48 48 0 0 48 48
56_12 = 528 2640 48 48 0 0 48 48
56_13 = 576 2640 48 48 0 0 48 48
56_14 = 624 2640 48 48 0 0 48 48
56_15 = 672 2640 48 48 0 0 48 48
56_16 = 720 2640 48 48 0 0 48 48
