puuf20000 = 10 10 94 125 53 15 162 292
puuf20001 = 114 10 136 155 23 0 162 292
puuf20002 = 260 10 161 154 1 2 162 292
puuf20003 = 431 10 159 170 1 8 162 292
puuf20004 = 600 10 159 170 1 8 162 292
puuf20005 = 769 10 160 198 0 13 162 292
puuf20006 = 10 218 159 198 1 13 162 292
puuf20007 = 179 218 156 205 1 22 162 292
puuf20008 = 345 218 155 205 2 22 162 292
puuf20009 = 510 218 151 202 3 31 162 292
puuf20010 = 671 218 150 202 4 31 162 292
puuf20011 = 831 218 150 223 4 31 162 292
puuf20012 = 10 451 149 223 5 31 162 292
puuf20013 = 169 451 147 226 6 31 162 292
puuf20014 = 326 451 147 226 6 31 162 292
puuf20015 = 483 451 146 226 7 31 162 292
puuf20016 = 639 451 144 245 8 31 162 292
puuf20017 = 793 451 143 245 9 31 162 292
puuf20018 = 10 706 143 245 9 31 162 292
puuf20019 = 163 706 142 248 10 31 162 292
puuf20020 = 315 706 141 248 11 31 162 292
puuf20021 = 466 706 140 248 12 31 162 292
puuf20022 = 616 706 140 254 12 31 162 292
puuf20023 = 766 706 139 254 13 31 162 292
puuf20024 = 10 970 138 254 14 31 162 292
puuf20025 = 158 970 140 261 15 31 162 292
puuf20026 = 308 970 139 261 16 31 162 292
puuf20027 = 457 970 139 262 16 30 162 292
puuf20028 = 606 970 118 151 17 30 162 292
puuf20029 = 734 970 117 152 18 30 162 292
puuf20030 = 861 970 116 153 19 30 162 292
