puuf0000 = 10 10 125 118 100 161 364 292
puuf0001 = 145 10 155 230 85 62 364 292
puuf0002 = 310 10 255 207 31 47 364 292
puuf0003 = 575 10 364 211 0 43 364 292
puuf0004 = 10 250 203 202 67 39 364 292
puuf0005 = 223 250 212 211 64 35 364 292
puuf0006 = 223 250 212 211 64 35 364 292
puuf0007 = 445 250 222 214 65 31 364 292
puuf0008 = 445 250 222 214 65 31 364 292
puuf0009 = 677 250 232 221 63 26 364 292
puuf0010 = 677 250 232 221 63 26 364 292
puuf0011 = 10 481 239 223 61 22 364 292
puuf0012 = 10 481 239 223 61 22 364 292
puuf0013 = 259 481 242 224 63 21 364 292
puuf0014 = 259 481 242 224 63 21 364 292
puuf0015 = 511 481 249 227 59 19 364 292
puuf0016 = 511 481 249 227 59 19 364 292
puuf0017 = 10 718 267 228 63 17 364 292
puuf0018 = 10 718 267 228 63 17 364 292
puuf0019 = 287 718 271 230 65 16 364 292
puuf0020 = 287 718 271 230 65 16 364 292
puuf0021 = 568 718 268 229 67 16 364 292
puuf0022 = 568 718 268 229 67 16 364 292
puuf0023 = 10 958 266 230 69 15 364 292
puuf0024 = 10 958 266 230 69 15 364 292
puuf0025 = 286 958 266 227 67 17 364 292
puuf0026 = 286 958 266 227 67 17 364 292
puuf0027 = 562 958 264 231 69 14 364 292
puuf0028 = 562 958 264 231 69 14 364 292
puuf0029 = 562 958 264 231 69 14 364 292
puuf0030 = 10 1199 238 226 70 14 364 292
puuf0031 = 10 1199 238 226 70 14 364 292
puuf0032 = 10 1199 238 226 70 14 364 292
puuf0033 = 258 1199 236 227 72 12 364 292
puuf0034 = 258 1199 236 227 72 12 364 292
puuf0035 = 258 1199 236 227 72 12 364 292
puuf0036 = 504 1199 233 224 75 13 364 292
puuf0037 = 504 1199 233 224 75 13 364 292
puuf0038 = 504 1199 233 224 75 13 364 292
puuf0039 = 747 1199 227 211 82 10 364 292
puuf0040 = 747 1199 227 211 82 10 364 292
puuf0041 = 747 1199 227 211 82 10 364 292
puuf0042 = 10 1436 235 214 77 4 364 292
puuf0043 = 10 1436 235 214 77 4 364 292
puuf0044 = 10 1436 235 214 77 4 364 292
puuf0045 = 255 1436 246 209 71 0 364 292
puuf0046 = 255 1436 246 209 71 0 364 292
puuf0047 = 255 1436 246 209 71 0 364 292
puuf0048 = 255 1436 246 209 71 0 364 292
puuf0049 = 511 1436 0 0 142 161 364 292
