puuf30000 = 10 10 125 94 68 205 533 311
puuf30001 = 145 10 254 208 53 103 533 311
puuf30002 = 409 10 359 175 0 100 533 311
puuf30003 = 10 228 252 180 110 96 533 311
puuf30004 = 272 228 272 185 105 90 533 311
puuf30005 = 554 228 267 217 109 60 533 311
puuf30006 = 10 455 318 215 99 49 533 311
puuf30007 = 10 455 318 215 99 49 533 311
puuf30008 = 338 455 326 270 95 1 533 311
puuf30009 = 338 455 326 270 95 1 533 311
puuf30010 = 10 735 352 248 91 27 533 311
puuf30011 = 10 735 352 248 91 27 533 311
puuf30012 = 10 735 352 248 91 27 533 311
puuf30013 = 372 735 389 256 95 12 533 311
puuf30014 = 372 735 389 256 95 12 533 311
puuf30015 = 771 735 202 231 293 7 533 311
puuf30016 = 771 735 202 231 293 7 533 311
puuf30017 = 771 735 202 231 293 7 533 311
puuf30018 = 10 1001 422 266 105 4 533 311
puuf30019 = 10 1001 422 266 105 4 533 311
puuf30020 = 10 1001 422 266 105 4 533 311
puuf30021 = 442 1001 436 274 97 0 533 311
puuf30022 = 442 1001 436 274 97 0 533 311
puuf30023 = 442 1001 436 274 97 0 533 311
puuf30024 = 10 1285 435 269 93 8 533 311
puuf30025 = 10 1285 435 269 93 8 533 311
puuf30026 = 10 1285 435 269 93 8 533 311
puuf30027 = 455 1285 74 151 416 31 533 311
puuf30028 = 455 1285 74 151 416 31 533 311
puuf30029 = 455 1285 74 151 416 31 533 311
puuf30030 = 539 1285 156 222 336 39 533 311
puuf30031 = 539 1285 156 222 336 39 533 311
puuf30032 = 539 1285 156 222 336 39 533 311
puuf30033 = 705 1285 153 204 332 49 533 311
puuf30034 = 705 1285 153 204 332 49 533 311
puuf30035 = 705 1285 153 204 332 49 533 311
puuf30036 = 10 1564 154 202 340 60 533 311
puuf30037 = 10 1564 154 202 340 60 533 311
puuf30038 = 10 1564 154 202 340 60 533 311
puuf30039 = 174 1564 6 7 451 167 533 311
puuf30040 = 174 1564 6 7 451 167 533 311
puuf30041 = 174 1564 6 7 451 167 533 311
puuf30042 = 174 1564 6 7 451 167 533 311
puuf30043 = 190 1564 0 0 129 103 533 311
puuf30044 = 190 1564 0 0 129 103 533 311
puuf30045 = 190 1564 0 0 129 103 533 311
