Enemy40000 = 10 10 106 263 537 1 968 328
Enemy40001 = 126 10 106 263 537 1 968 328
Enemy40002 = 242 10 106 263 537 1 968 328
Enemy40003 = 358 10 106 263 537 1 968 328
Enemy40004 = 474 10 106 263 537 1 968 328
Enemy40005 = 590 10 106 263 537 1 968 328
Enemy40006 = 706 10 106 263 537 1 968 328
Enemy40007 = 822 10 106 263 537 1 968 328
Enemy40008 = 938 10 106 263 537 1 968 328
Enemy40009 = 1054 10 106 263 537 1 968 328
Enemy40010 = 1170 10 106 263 537 1 968 328
Enemy40011 = 1286 10 106 263 537 1 968 328
Enemy40012 = 1402 10 106 263 537 1 968 328
Enemy40013 = 1518 10 106 263 537 1 968 328
Enemy40014 = 1634 10 106 263 537 1 968 328
Enemy40015 = 1750 10 106 263 537 1 968 328
Enemy40016 = 1866 10 106 263 537 1 968 328
Enemy40017 = 1982 10 106 263 537 1 968 328
Enemy40018 = 2098 10 106 263 537 1 968 328
Enemy40019 = 2214 10 106 263 537 1 968 328
Enemy40020 = 2330 10 106 263 537 1 968 328
Enemy40021 = 2446 10 106 263 537 1 968 328
Enemy40022 = 2562 10 106 263 537 1 968 328
Enemy40023 = 10 10 106 263 537 1 968 328
Enemy40024 = 2678 10 110 263 533 1 968 328
Enemy40025 = 2798 10 121 263 524 1 968 328
Enemy40026 = 2929 10 126 263 521 1 968 328
Enemy40027 = 3065 10 123 263 523 1 968 328
Enemy40028 = 3198 10 121 263 525 1 968 328
Enemy40029 = 3329 10 118 263 527 1 968 328
Enemy40030 = 3457 10 116 263 529 1 968 328
Enemy40031 = 3583 10 114 263 530 1 968 328
Enemy40032 = 3707 10 112 263 531 1 968 328
Enemy40033 = 3829 10 111 263 532 1 968 328
Enemy40034 = 3950 10 110 263 533 1 968 328
Enemy40035 = 10 283 109 263 534 1 968 328
Enemy40036 = 129 283 108 263 535 1 968 328
Enemy40037 = 247 283 107 263 536 1 968 328
Enemy40038 = 364 283 106 263 537 1 968 328
Enemy40039 = 480 283 106 263 537 1 968 328
Enemy40040 = 596 283 106 263 537 1 968 328
Enemy40041 = 712 283 106 263 537 1 968 328
Enemy40042 = 828 283 106 263 537 1 968 328
Enemy40043 = 944 283 106 263 537 1 968 328
Enemy40044 = 1060 283 106 263 537 1 968 328
Enemy40045 = 1176 283 106 263 537 1 968 328
Enemy40046 = 1292 283 106 263 537 1 968 328
Enemy40047 = 10 10 106 263 537 1 968 328
Enemy40048 = 10 10 106 263 537 1 968 328
Enemy40049 = 10 10 106 263 537 1 968 328
Enemy40050 = 10 10 106 263 537 1 968 328
Enemy40051 = 1408 283 106 263 537 1 968 328
Enemy40052 = 1524 283 106 263 537 1 968 328
Enemy40053 = 1640 283 106 263 537 1 968 328
Enemy40054 = 1756 283 106 263 537 1 968 328
Enemy40055 = 1872 283 106 263 537 1 968 328
Enemy40056 = 1988 283 106 263 537 1 968 328
Enemy40057 = 2104 283 106 263 537 1 968 328
Enemy40058 = 2220 283 106 263 537 1 968 328
Enemy40059 = 2336 283 106 263 537 1 968 328
Enemy40060 = 2452 283 106 263 537 1 968 328
Enemy40061 = 2568 283 106 263 537 1 968 328
Enemy40062 = 2684 283 106 263 537 1 968 328
Enemy40063 = 2800 283 106 263 537 1 968 328
Enemy40064 = 2916 283 106 263 537 1 968 328
Enemy40065 = 3032 283 106 263 537 1 968 328
Enemy40066 = 3148 283 106 263 537 1 968 328
Enemy40067 = 3264 283 106 263 537 1 968 328
Enemy40068 = 3380 283 106 263 537 1 968 328
Enemy40069 = 3496 283 106 263 537 1 968 328
Enemy40070 = 3612 283 106 263 537 1 968 328
Enemy40071 = 3728 283 106 263 537 1 968 328
Enemy40072 = 3844 283 106 263 537 1 968 328
Enemy40073 = 10 556 355 275 288 1 968 328
Enemy40074 = 375 556 358 275 285 1 968 328
Enemy40075 = 743 556 366 275 277 1 968 328
Enemy40076 = 1119 556 375 275 268 1 968 328
Enemy40077 = 1504 556 380 275 264 1 968 328
Enemy40078 = 1894 556 379 275 265 1 968 328
Enemy40079 = 2283 556 380 275 265 1 968 328
Enemy40080 = 2673 556 380 275 265 1 968 328
Enemy40081 = 3063 556 379 275 265 1 968 328
Enemy40082 = 3452 556 378 275 265 1 968 328
Enemy40083 = 10 841 378 275 265 1 968 328
Enemy40084 = 398 841 378 275 265 1 968 328
Enemy40085 = 786 841 378 275 265 1 968 328
Enemy40086 = 786 841 378 275 265 1 968 328
Enemy40087 = 786 841 378 275 265 1 968 328
Enemy40088 = 786 841 378 275 265 1 968 328
Enemy40089 = 786 841 378 275 265 1 968 328
Enemy40090 = 786 841 378 275 265 1 968 328
Enemy40091 = 1174 841 378 275 265 1 968 328
Enemy40092 = 1562 841 378 275 265 1 968 328
Enemy40093 = 1950 841 378 275 265 1 968 328
Enemy40094 = 2338 841 378 275 265 1 968 328
Enemy40095 = 2726 841 378 275 265 1 968 328
Enemy40096 = 3114 841 378 275 265 1 968 328
Enemy40097 = 3502 841 378 275 265 1 968 328
Enemy40098 = 3502 841 378 275 265 1 968 328
Enemy40099 = 10 1126 378 275 265 1 968 328
Enemy40100 = 398 1126 379 275 264 1 968 328
Enemy40101 = 787 1126 377 275 266 1 968 328
Enemy40102 = 1174 1126 373 275 270 1 968 328
Enemy40103 = 1557 1126 365 275 278 1 968 328
Enemy40104 = 1932 1126 355 275 288 1 968 328
Enemy40105 = 2297 1126 333 263 310 1 968 328
Enemy40106 = 2640 1126 333 263 310 1 968 328
Enemy40107 = 2983 1126 333 263 310 1 968 328
Enemy40108 = 3326 1126 333 263 310 1 968 328
Enemy40109 = 3669 1126 333 263 310 1 968 328
Enemy40110 = 10 1411 333 263 310 1 968 328
Enemy40111 = 353 1411 333 263 310 1 968 328
Enemy40112 = 696 1411 333 263 310 1 968 328
Enemy40113 = 1039 1411 333 263 310 1 968 328
Enemy40114 = 1382 1411 333 263 310 1 968 328
Enemy40115 = 1725 1411 333 263 310 1 968 328
Enemy40116 = 2068 1411 333 263 310 1 968 328
Enemy40117 = 2411 1411 333 263 310 1 968 328
Enemy40118 = 2754 1411 333 263 310 1 968 328
Enemy40119 = 3097 1411 333 263 310 1 968 328
Enemy40120 = 3440 1411 333 263 310 1 968 328
Enemy40121 = 10 1684 333 263 310 1 968 328
Enemy40122 = 353 1684 333 264 310 0 968 328
Enemy40123 = 696 1684 333 264 310 0 968 328
Enemy40124 = 1039 1684 333 263 310 1 968 328
Enemy40125 = 1382 1684 333 263 310 1 968 328
Enemy40126 = 1725 1684 333 263 310 1 968 328
Enemy40127 = 2068 1684 142 263 501 1 968 328
Enemy40128 = 2220 1684 140 272 503 1 968 328
Enemy40129 = 2370 1684 132 272 511 1 968 328
Enemy40130 = 2512 1684 198 270 445 1 968 328
Enemy40131 = 2720 1684 201 267 442 1 968 328
Enemy40132 = 2931 1684 216 265 427 1 968 328
Enemy40133 = 3157 1684 334 265 309 1 968 328
Enemy40134 = 3501 1684 332 291 311 1 968 328
Enemy40135 = 10 1985 323 291 320 1 968 328
Enemy40136 = 343 1985 406 291 237 1 968 328
Enemy40137 = 759 1985 404 291 239 1 968 328
Enemy40138 = 1173 1985 395 291 248 1 968 328
Enemy40139 = 1578 1985 388 291 255 1 968 328
Enemy40140 = 1976 1985 520 292 123 1 968 328
Enemy40141 = 2506 1985 518 327 125 1 968 328
Enemy40142 = 3034 1985 510 327 133 1 968 328
Enemy40143 = 3554 1985 502 327 141 1 968 328
Enemy40144 = 10 2322 517 327 126 1 968 328
Enemy40145 = 537 2322 530 327 113 1 968 328
Enemy40146 = 1077 2322 545 327 98 1 968 328
Enemy40147 = 1632 2322 547 327 96 1 968 328
Enemy40148 = 2189 2322 554 327 89 1 968 328
Enemy40149 = 2753 2322 560 327 83 1 968 328
Enemy40150 = 3323 2322 563 327 80 1 968 328
Enemy40151 = 10 2659 564 327 79 1 968 328
Enemy40152 = 584 2659 564 327 79 1 968 328
Enemy40153 = 1158 2659 564 327 79 1 968 328
Enemy40154 = 1732 2659 563 327 80 1 968 328
Enemy40155 = 2305 2659 560 313 83 1 968 328
Enemy40156 = 2875 2659 556 313 87 1 968 328
Enemy40157 = 3441 2659 552 313 91 1 968 328
Enemy40158 = 10 2996 548 313 95 1 968 328
Enemy40159 = 10 10 106 263 537 1 968 328
Enemy40160 = 10 10 106 263 537 1 968 328
Enemy40161 = 10 10 106 263 537 1 968 328
Enemy40162 = 10 10 106 263 537 1 968 328
Enemy40163 = 10 10 106 263 537 1 968 328
Enemy40164 = 568 2996 106 263 537 1 968 328
Enemy40165 = 684 2996 106 263 537 1 968 328
Enemy40166 = 800 2996 106 263 537 1 968 328
Enemy40167 = 916 2996 106 263 537 1 968 328
Enemy40168 = 1032 2996 106 263 537 1 968 328
Enemy40169 = 1148 2996 107 263 536 1 968 328
Enemy40170 = 1265 2996 107 263 536 1 968 328
Enemy40171 = 1382 2996 109 263 534 1 968 328
Enemy40172 = 1501 2996 108 263 535 1 968 328
Enemy40173 = 1619 2996 109 263 534 1 968 328
Enemy40174 = 1738 2996 107 263 536 1 968 328
Enemy40175 = 1855 2996 131 263 512 1 968 328
Enemy40176 = 1996 2996 146 263 511 1 968 328
Enemy40177 = 2152 2996 144 263 512 1 968 328
Enemy40178 = 2306 2996 141 263 513 1 968 328
Enemy40179 = 2457 2996 138 263 514 1 968 328
Enemy40180 = 2605 2996 132 263 517 1 968 328
Enemy40181 = 2747 2996 128 263 519 1 968 328
Enemy40182 = 2885 2996 121 263 522 1 968 328
Enemy40183 = 3016 2996 110 263 533 1 968 328
Enemy40184 = 3136 2996 111 263 532 1 968 328
Enemy40185 = 3257 2996 114 263 529 1 968 328
Enemy40186 = 3381 2996 114 263 529 1 968 328
Enemy40187 = 3505 2996 113 263 530 1 968 328
Enemy40188 = 3628 2996 113 263 530 1 968 328
Enemy40189 = 3751 2996 112 263 531 1 968 328
Enemy40190 = 3873 2996 107 263 536 1 968 328
Enemy40191 = 10 3319 106 263 537 1 968 328
Enemy40192 = 126 3319 106 263 537 1 968 328
Enemy40193 = 242 3319 201 263 442 1 968 328
Enemy40194 = 453 3319 485 263 168 1 968 328
Enemy40195 = 948 3319 659 263 0 1 968 328
Enemy40196 = 1617 3319 663 263 0 1 968 328
Enemy40197 = 2290 3319 667 263 0 1 968 328
Enemy40198 = 2967 3319 670 263 0 1 968 328
Enemy40199 = 10 3592 673 263 0 1 968 328
Enemy40200 = 693 3592 674 263 0 1 968 328
Enemy40201 = 1377 3592 675 263 0 1 968 328
Enemy40202 = 2062 3592 675 263 0 1 968 328
Enemy40203 = 2747 3592 674 263 0 1 968 328
Enemy40204 = 10 3865 672 263 0 1 968 328
Enemy40205 = 692 3865 661 263 9 1 968 328
Enemy40206 = 1363 3865 618 263 48 1 968 328
Enemy40207 = 1991 3865 604 263 58 1 968 328
Enemy40208 = 2605 3865 599 263 59 1 968 328
Enemy40209 = 3214 3865 116 263 537 1 968 328
Enemy40210 = 3340 3865 112 263 537 1 968 328
Enemy40211 = 3462 3865 109 263 537 1 968 328
Enemy40212 = 3581 3865 107 263 537 1 968 328
Enemy40213 = 3698 3865 106 263 537 1 968 328
Enemy40214 = 3814 3865 106 263 537 1 968 328
Enemy40215 = 10 10 106 263 537 1 968 328
Enemy40216 = 10 10 106 263 537 1 968 328
Enemy40217 = 10 4138 431 263 537 1 968 328
Enemy40218 = 451 4138 431 263 537 1 968 328
Enemy40219 = 892 4138 431 263 537 1 968 328
Enemy40220 = 1333 4138 431 263 537 1 968 328
Enemy40221 = 1774 4138 431 263 537 1 968 328
Enemy40222 = 2215 4138 431 263 537 1 968 328
Enemy40223 = 2656 4138 431 263 537 1 968 328
Enemy40224 = 3097 4138 431 263 537 1 968 328
Enemy40225 = 3538 4138 431 291 537 1 968 328
Enemy40226 = 10 4439 431 282 537 1 968 328
Enemy40227 = 451 4439 431 278 537 1 968 328
Enemy40228 = 892 4439 431 276 537 1 968 328
Enemy40229 = 1333 4439 431 280 537 1 968 328
Enemy40230 = 1333 4439 431 280 537 1 968 328
Enemy40231 = 1333 4439 431 280 537 1 968 328
Enemy40232 = 1333 4439 431 280 537 1 968 328
Enemy40233 = 1333 4439 431 280 537 1 968 328
Enemy40234 = 1333 4439 431 280 537 1 968 328
Enemy40235 = 1333 4439 431 280 537 1 968 328
Enemy40236 = 1333 4439 431 280 537 1 968 328
Enemy40237 = 1774 4439 431 280 537 1 968 328
Enemy40238 = 2215 4439 431 280 537 1 968 328
Enemy40239 = 2656 4439 431 280 537 1 968 328
Enemy40240 = 3097 4439 431 280 537 1 968 328
Enemy40241 = 3538 4439 431 285 537 1 968 328
Enemy40242 = 10 4734 431 285 537 1 968 328
Enemy40243 = 451 4734 431 292 537 1 968 328
Enemy40244 = 892 4734 431 292 537 1 968 328
Enemy40245 = 1333 4734 431 298 537 1 968 328
Enemy40246 = 1774 4734 431 298 537 1 968 328
Enemy40247 = 2215 4734 431 300 537 1 968 328
Enemy40248 = 2656 4734 431 300 537 1 968 328
Enemy40249 = 3097 4734 431 301 537 1 968 328
