Earth0000 = 10 10 68 68 8 19 90 92
Earth0001 = 10 10 68 68 8 19 90 92
Earth0002 = 88 10 78 77 5 12 90 92
Earth0003 = 88 10 78 77 5 12 90 92
Earth0004 = 10 97 86 86 2 6 90 92
Earth0005 = 10 97 86 86 2 6 90 92
Earth0006 = 106 97 89 88 0 4 90 92
Earth0007 = 106 97 89 88 0 4 90 92
Earth0008 = 10 195 88 90 1 2 90 92
Earth0009 = 10 195 88 90 1 2 90 92
Earth0010 = 108 195 87 90 3 1 90 92
Earth0011 = 108 195 87 90 3 1 90 92
Earth0012 = 10 295 85 90 4 0 90 92
Earth0013 = 10 295 85 90 4 0 90 92
Earth0014 = 105 295 75 88 4 0 90 92
Earth0015 = 105 295 75 88 4 0 90 92
Earth0016 = 190 295 0 0 42 53 90 92
Earth0017 = 190 295 0 0 42 53 90 92
Earth0018 = 190 295 0 0 42 53 90 92
Earth0019 = 190 295 0 0 42 53 90 92
Earth0020 = 190 295 0 0 42 53 90 92
Earth0021 = 190 295 0 0 42 53 90 92
Earth0022 = 190 295 0 0 42 53 90 92
Earth0023 = 190 295 0 0 42 53 90 92
Earth0024 = 190 295 0 0 42 53 90 92
