Fire0000 = 10 10 81 131 6 35 93 168
Fire0001 = 10 10 81 131 6 35 93 168
Fire0002 = 101 10 86 152 4 16 93 168
Fire0003 = 101 10 86 152 4 16 93 168
Fire0004 = 197 10 81 160 10 6 93 168
Fire0005 = 197 10 81 160 10 6 93 168
Fire0006 = 288 10 88 166 5 1 93 168
Fire0007 = 288 10 88 166 5 1 93 168
Fire0008 = 386 10 92 167 0 0 93 168
Fire0009 = 386 10 92 167 0 0 93 168
Fire0010 = 10 187 91 166 1 2 93 168
Fire0011 = 10 187 91 166 1 2 93 168
Fire0012 = 111 187 88 133 4 34 93 168
Fire0013 = 111 187 88 133 4 34 93 168
Fire0014 = 209 187 85 131 7 35 93 168
Fire0015 = 209 187 85 131 7 35 93 168
