Water0000 = 10 10 180 112 112 105 387 218
Water0001 = 10 10 180 112 112 105 387 218
Water0002 = 200 10 246 171 69 47 387 218
Water0003 = 200 10 246 171 69 47 387 218
Water0004 = 456 10 286 203 42 13 387 218
Water0005 = 456 10 286 203 42 13 387 218
Water0006 = 10 223 318 217 25 1 387 218
Water0007 = 10 223 318 217 25 1 387 218
Water0008 = 338 223 334 218 18 0 387 218
Water0009 = 338 223 334 218 18 0 387 218
Water0010 = 10 451 353 217 12 0 387 218
Water0011 = 10 451 353 217 12 0 387 218
Water0012 = 373 451 371 211 7 5 387 218
Water0013 = 373 451 371 211 7 5 387 218
Water0014 = 10 678 383 197 4 20 387 218
Water0015 = 10 678 383 197 4 20 387 218
Water0016 = 403 678 364 170 1 47 387 218
Water0017 = 403 678 364 170 1 47 387 218
Water0018 = 10 885 371 122 0 89 387 218
Water0019 = 10 885 371 122 0 89 387 218
Water0020 = 391 885 165 65 208 144 387 218
Water0021 = 391 885 165 65 208 144 387 218
Water0022 = 566 885 0 0 202 209 387 218
