Wind0000 = 10 10 105 93 47 39 184 171
Wind0001 = 125 10 149 133 20 21 184 171
Wind0002 = 284 10 173 159 8 8 184 171
Wind0003 = 10 179 180 165 4 4 184 171
Wind0004 = 200 179 181 166 0 3 184 171
Wind0005 = 200 179 181 166 0 3 184 171
Wind0006 = 10 355 181 171 1 0 184 171
Wind0007 = 10 355 181 171 1 0 184 171
Wind0008 = 201 355 181 167 0 4 184 171
Wind0009 = 201 355 181 167 0 4 184 171
Wind0010 = 10 536 177 166 1 5 184 171
Wind0011 = 10 536 177 166 1 5 184 171
Wind0012 = 197 536 140 120 36 5 184 171
Wind0013 = 197 536 140 120 36 5 184 171
Wind0014 = 347 536 93 65 34 32 184 171
Wind0015 = 347 536 93 65 34 32 184 171
Wind0016 = 450 536 0 0 104 83 184 171
