bloodA0000 = 10 10 152 101 6 180 581 498
bloodA0001 = 172 10 147 136 7 176 581 498
bloodA0002 = 329 10 218 199 6 152 581 498
bloodA0003 = 557 10 283 259 14 114 581 498
bloodA0004 = 850 10 333 316 27 91 581 498
bloodA0005 = 1193 10 397 366 27 63 581 498
bloodA0006 = 10 386 457 412 37 40 581 498
bloodA0007 = 10 386 457 412 37 40 581 498
bloodA0008 = 477 386 502 478 42 3 581 498
bloodA0009 = 477 386 502 478 42 3 581 498
bloodA0010 = 989 386 550 498 31 0 581 498
bloodA0011 = 989 386 550 498 31 0 581 498
bloodA0012 = 1549 386 312 372 22 55 581 498
bloodA0013 = 1549 386 312 372 22 55 581 498
bloodA0014 = 10 894 450 472 0 5 581 498
bloodA0015 = 10 894 450 472 0 5 581 498
bloodA0016 = 10 894 450 472 0 5 581 498
bloodA0017 = 470 894 0 0 28 236 581 498
bloodA0018 = 470 894 0 0 28 236 581 498
bloodA0019 = 470 894 0 0 28 236 581 498
