bigexplo0000 = 10 10 134 99 102 188 395 328
bigexplo0001 = 154 10 172 214 90 87 395 328
bigexplo0002 = 336 10 240 239 67 72 395 328
bigexplo0003 = 586 10 240 239 67 72 395 328
bigexplo0004 = 836 10 293 243 55 67 395 328
bigexplo0005 = 1139 10 294 243 54 67 395 328
bigexplo0006 = 1443 10 322 237 43 62 395 328
bigexplo0007 = 10 263 323 250 42 49 395 328
bigexplo0008 = 343 263 353 261 26 29 395 328
bigexplo0009 = 706 263 353 264 26 26 395 328
bigexplo0010 = 1069 263 364 268 17 23 395 328
bigexplo0011 = 1443 263 364 271 17 20 395 328
bigexplo0012 = 10 544 389 274 6 17 395 328
bigexplo0013 = 409 544 389 277 6 14 395 328
bigexplo0014 = 808 544 374 295 17 11 395 328
bigexplo0015 = 1192 544 374 298 17 8 395 328
bigexplo0016 = 1576 544 374 320 9 8 395 328
bigexplo0017 = 10 874 374 320 9 8 395 328
bigexplo0018 = 394 874 361 278 23 8 395 328
bigexplo0019 = 765 874 362 278 22 8 395 328
bigexplo0020 = 1137 874 353 278 21 8 395 328
bigexplo0021 = 1500 874 353 278 21 8 395 328
bigexplo0022 = 10 1204 356 278 20 8 395 328
bigexplo0023 = 376 1204 356 278 20 8 395 328
bigexplo0024 = 742 1204 357 278 19 8 395 328
bigexplo0025 = 1109 1204 356 278 19 8 395 328
bigexplo0026 = 1475 1204 357 279 18 7 395 328
bigexplo0027 = 10 1493 358 279 17 7 395 328
bigexplo0028 = 378 1493 355 279 17 7 395 328
bigexplo0029 = 743 1493 356 279 16 7 395 328
bigexplo0030 = 1109 1493 356 279 16 7 395 328
bigexplo0031 = 1475 1493 353 279 15 7 395 328
bigexplo0032 = 10 1782 353 279 15 7 395 328
bigexplo0033 = 373 1782 329 279 14 7 395 328
bigexplo0034 = 712 1782 330 279 13 7 395 328
bigexplo0035 = 1052 1782 330 280 13 6 395 328
bigexplo0036 = 1392 1782 331 280 12 6 395 328
bigexplo0037 = 1733 1782 305 280 12 6 395 328
bigexplo0038 = 10 2072 306 280 11 6 395 328
bigexplo0039 = 326 2072 306 281 11 5 395 328
bigexplo0040 = 642 2072 307 281 10 5 395 328
bigexplo0041 = 959 2072 308 281 9 5 395 328
bigexplo0042 = 1277 2072 308 282 9 4 395 328
bigexplo0043 = 1595 2072 309 282 8 4 395 328
bigexplo0044 = 10 2364 309 282 8 4 395 328
bigexplo0045 = 329 2364 310 283 7 3 395 328
bigexplo0046 = 649 2364 311 283 7 3 395 328
bigexplo0047 = 970 2364 312 283 6 3 395 328
bigexplo0048 = 1292 2364 313 284 5 2 395 328
bigexplo0049 = 1615 2364 316 284 5 2 395 328
bigexplo0050 = 10 2658 317 284 4 2 395 328
bigexplo0051 = 337 2658 317 285 4 1 395 328
bigexplo0052 = 664 2658 323 285 3 1 395 328
bigexplo0053 = 997 2658 324 285 2 1 395 328
bigexplo0054 = 1331 2658 324 285 2 1 395 328
bigexplo0055 = 1665 2658 325 286 1 0 395 328
bigexplo0056 = 10 2954 301 286 1 0 395 328
bigexplo0057 = 321 2954 302 286 0 0 395 328
