hitsparks0000 = 10 10 22 25 109 56 225 247
hitsparks0001 = 42 10 29 31 104 49 225 247
hitsparks0002 = 81 10 46 39 92 39 225 247
hitsparks0003 = 137 10 54 45 88 33 225 247
hitsparks0004 = 201 10 68 59 78 19 225 247
hitsparks0005 = 279 10 73 69 75 13 225 247
hitsparks0006 = 362 10 94 82 63 6 225 247
hitsparks0007 = 10 102 104 90 57 3 225 247
hitsparks0008 = 124 102 119 104 49 0 225 247
hitsparks0009 = 253 102 130 109 44 0 225 247
hitsparks0010 = 10 221 147 119 34 2 225 247
hitsparks0011 = 167 221 157 127 30 3 225 247
hitsparks0012 = 10 358 183 148 18 8 225 247
hitsparks0013 = 203 358 197 167 12 10 225 247
hitsparks0014 = 10 535 225 200 0 29 225 247
hitsparks0015 = 245 535 217 195 1 45 225 247
hitsparks0016 = 10 745 160 185 24 62 225 247
hitsparks0017 = 180 745 0 0 -17 -1 225 247
