boss10000 = 10 10 200 256 587 26 902 397
boss10001 = 220 10 196 256 591 26 902 397
boss10002 = 426 10 196 256 591 26 902 397
boss10003 = 632 10 196 256 591 26 902 397
boss10004 = 838 10 196 256 591 26 902 397
boss10005 = 1044 10 196 269 591 26 902 397
boss10006 = 1250 10 196 272 591 26 902 397
boss10007 = 1456 10 196 277 591 26 902 397
boss10008 = 1662 10 196 281 591 26 902 397
boss10009 = 1868 10 196 279 591 26 902 397
boss10010 = 2074 10 196 278 591 26 902 397
boss10011 = 2280 10 196 272 591 26 902 397
boss10012 = 2486 10 196 266 591 26 902 397
boss10013 = 2692 10 196 264 591 26 902 397
boss10014 = 2898 10 196 263 591 26 902 397
boss10015 = 3104 10 196 262 591 26 902 397
boss10016 = 3310 10 196 258 591 26 902 397
boss10017 = 3516 10 196 257 591 26 902 397
boss10018 = 3722 10 196 256 591 26 902 397
boss10019 = 10 301 196 256 591 26 902 397
boss10020 = 216 301 201 256 586 26 902 397
boss10021 = 427 301 206 256 581 26 902 397
boss10022 = 643 301 208 256 579 26 902 397
boss10023 = 861 301 206 256 581 26 902 397
boss10024 = 1077 301 196 256 591 26 902 397
boss10025 = 1283 301 196 256 591 26 902 397
boss10026 = 1489 301 196 256 591 26 902 397
boss10027 = 1695 301 196 256 591 26 902 397
boss10028 = 1901 301 196 256 591 26 902 397
boss10029 = 2107 301 196 256 591 26 902 397
boss10030 = 2313 301 196 256 591 26 902 397
boss10031 = 2519 301 196 256 591 26 902 397
boss10032 = 2725 301 196 256 591 26 902 397
boss10033 = 2931 301 196 261 591 26 902 397
boss10034 = 3137 301 196 266 591 26 902 397
boss10035 = 3343 301 196 272 591 26 902 397
boss10036 = 3549 301 196 275 591 26 902 397
boss10037 = 3755 301 196 279 591 26 902 397
boss10038 = 10 590 196 283 591 26 902 397
boss10039 = 216 590 196 287 591 26 902 397
boss10040 = 422 590 196 290 591 26 902 397
boss10041 = 628 590 196 289 591 26 902 397
boss10042 = 834 590 196 288 591 26 902 397
boss10043 = 1040 590 196 299 591 26 902 397
boss10044 = 1246 590 196 308 591 26 902 397
boss10045 = 1452 590 196 301 591 26 902 397
boss10046 = 1658 590 196 294 591 26 902 397
boss10047 = 1864 590 196 286 591 26 902 397
boss10048 = 2070 590 196 283 591 26 902 397
boss10049 = 2276 590 196 274 591 26 902 397
boss10050 = 2482 590 196 268 591 26 902 397
boss10051 = 2688 590 196 263 591 26 902 397
boss10052 = 2894 590 196 258 591 26 902 397
boss10053 = 3100 590 196 257 591 26 902 397
boss10054 = 3306 590 196 256 591 26 902 397
boss10055 = 3512 590 196 257 591 26 902 397
boss10056 = 3718 590 196 256 591 26 902 397
boss10057 = 10 908 196 256 591 26 902 397
boss10058 = 216 908 196 256 591 26 902 397
boss10059 = 422 908 201 256 586 26 902 397
boss10060 = 633 908 206 256 581 26 902 397
boss10061 = 849 908 208 256 579 26 902 397
boss10062 = 1067 908 200 282 587 0 902 397
boss10063 = 1277 908 196 282 591 0 902 397
boss10064 = 1483 908 196 282 591 0 902 397
boss10065 = 1689 908 196 282 591 0 902 397
boss10066 = 1895 908 196 282 591 0 902 397
boss10067 = 2101 908 196 295 591 0 902 397
boss10068 = 2307 908 196 298 591 0 902 397
boss10069 = 2513 908 196 303 591 0 902 397
boss10070 = 2719 908 196 307 591 0 902 397
boss10071 = 2925 908 196 305 591 0 902 397
boss10072 = 3131 908 196 304 591 0 902 397
boss10073 = 3337 908 196 298 591 0 902 397
boss10074 = 3543 908 196 292 591 0 902 397
boss10075 = 3749 908 196 290 591 0 902 397
boss10076 = 10 1225 196 289 591 0 902 397
boss10077 = 216 1225 196 288 591 0 902 397
boss10078 = 422 1225 196 284 591 0 902 397
boss10079 = 628 1225 196 283 591 0 902 397
boss10080 = 834 1225 196 282 591 0 902 397
boss10081 = 1040 1225 196 282 591 0 902 397
boss10082 = 1246 1225 201 282 586 0 902 397
boss10083 = 1457 1225 206 282 581 0 902 397
boss10084 = 1673 1225 208 282 579 0 902 397
boss10085 = 1891 1225 206 282 581 0 902 397
boss10086 = 2107 1225 200 282 587 0 902 397
boss10087 = 2317 1225 196 282 591 0 902 397
boss10088 = 2523 1225 196 282 591 0 902 397
boss10089 = 2729 1225 196 282 591 0 902 397
boss10090 = 2935 1225 196 282 591 0 902 397
boss10091 = 3141 1225 196 295 591 0 902 397
boss10092 = 3347 1225 196 298 591 0 902 397
boss10093 = 3553 1225 196 303 591 0 902 397
boss10094 = 3759 1225 196 307 591 0 902 397
boss10095 = 10 1542 196 305 591 0 902 397
boss10096 = 216 1542 196 304 591 0 902 397
boss10097 = 422 1542 275 295 512 0 902 397
boss10098 = 707 1542 592 293 195 0 902 397
boss10099 = 1309 1542 787 292 0 0 902 397
boss10100 = 2106 1542 787 292 0 0 902 397
boss10101 = 2903 1542 787 291 0 0 902 397
boss10102 = 10 1857 787 292 0 0 902 397
boss10103 = 807 1857 787 290 0 0 902 397
boss10104 = 1604 1857 787 289 0 0 902 397
boss10105 = 2401 1857 787 286 0 0 902 397
boss10106 = 3198 1857 787 282 0 0 902 397
boss10107 = 10 2159 787 282 0 0 902 397
boss10108 = 807 2159 787 282 0 0 902 397
boss10109 = 1604 2159 776 282 11 0 902 397
boss10110 = 2390 2159 732 282 55 0 902 397
boss10111 = 3132 2159 720 282 67 0 902 397
boss10112 = 10 2451 720 282 67 0 902 397
boss10113 = 740 2451 196 282 591 0 902 397
boss10114 = 946 2451 196 282 591 0 902 397
boss10115 = 1152 2451 196 299 591 0 902 397
boss10116 = 1358 2451 196 304 591 0 902 397
boss10117 = 1564 2451 196 310 591 0 902 397
boss10118 = 1770 2451 196 314 591 0 902 397
boss10119 = 1976 2451 196 313 591 0 902 397
boss10120 = 2182 2451 196 309 591 0 902 397
boss10121 = 2388 2451 196 307 591 0 902 397
boss10122 = 2594 2451 196 302 591 0 902 397
boss10123 = 2800 2451 196 297 591 0 902 397
boss10124 = 3006 2451 196 293 591 0 902 397
boss10125 = 3212 2451 196 292 591 0 902 397
boss10126 = 3418 2451 196 291 591 0 902 397
boss10127 = 3624 2451 196 288 591 0 902 397
boss10128 = 3830 2451 196 286 591 0 902 397
boss10129 = 10 2775 196 283 591 0 902 397
boss10130 = 216 2775 196 282 591 0 902 397
boss10131 = 422 2775 203 282 584 0 902 397
boss10132 = 635 2775 208 282 579 0 902 397
boss10133 = 853 2775 210 282 577 0 902 397
boss10134 = 1073 2775 209 282 578 0 902 397
boss10135 = 1292 2775 199 282 588 0 902 397
boss10136 = 1501 2775 196 282 591 0 902 397
boss10137 = 1707 2775 196 282 591 0 902 397
boss10138 = 1913 2775 196 282 591 0 902 397
boss10139 = 2119 2775 196 282 591 0 902 397
boss10140 = 2325 2775 196 298 591 0 902 397
boss10141 = 2531 2775 196 302 591 0 902 397
boss10142 = 2737 2775 196 302 591 0 902 397
boss10143 = 2943 2775 196 307 591 0 902 397
boss10144 = 3149 2775 196 305 591 0 902 397
boss10145 = 3355 2775 196 304 591 0 902 397
boss10146 = 3561 2775 196 298 591 0 902 397
boss10147 = 3767 2775 196 292 591 0 902 397
boss10148 = 10 3092 196 289 591 0 902 397
boss10149 = 216 3092 196 289 591 0 902 397
boss10150 = 422 3092 196 286 591 0 902 397
boss10151 = 628 3092 196 283 591 0 902 397
boss10152 = 834 3092 196 282 591 0 902 397
boss10153 = 1040 3092 196 282 591 0 902 397
boss10154 = 1246 3092 196 282 591 0 902 397
boss10155 = 1452 3092 196 282 591 0 902 397
boss10156 = 1658 3092 196 282 591 0 902 397
boss10157 = 1864 3092 196 315 591 0 902 397
boss10158 = 2070 3092 196 328 591 0 902 397
boss10159 = 2276 3092 196 326 591 0 902 397
boss10160 = 2482 3092 196 324 591 0 902 397
boss10161 = 2688 3092 196 322 591 0 902 397
boss10162 = 2894 3092 196 323 591 0 902 397
boss10163 = 3100 3092 196 323 591 0 902 397
boss10164 = 3306 3092 196 322 591 0 902 397
boss10165 = 3512 3092 196 322 591 0 902 397
boss10166 = 3718 3092 196 321 591 0 902 397
boss10167 = 10 3430 196 321 591 0 902 397
boss10168 = 216 3430 196 321 591 0 902 397
boss10169 = 422 3430 196 321 591 0 902 397
boss10170 = 628 3430 196 323 591 0 902 397
boss10171 = 834 3430 196 323 591 0 902 397
boss10172 = 1040 3430 196 323 591 0 902 397
boss10173 = 1246 3430 196 323 591 0 902 397
boss10174 = 1452 3430 196 320 591 0 902 397
boss10175 = 1658 3430 196 319 591 0 902 397
boss10176 = 1864 3430 196 326 591 0 902 397
boss10177 = 2070 3430 196 317 591 0 902 397
boss10178 = 2276 3430 196 309 591 0 902 397
boss10179 = 2482 3430 196 301 591 0 902 397
boss10180 = 2688 3430 196 297 591 0 902 397
boss10181 = 2894 3430 196 294 591 0 902 397
boss10182 = 3100 3430 196 288 591 0 902 397
boss10183 = 3306 3430 196 282 591 0 902 397
boss10184 = 3512 3430 196 282 591 0 902 397
boss10185 = 3718 3430 197 282 590 0 902 397
boss10186 = 10 3766 202 282 585 0 902 397
boss10187 = 222 3766 204 282 583 0 902 397
boss10188 = 436 3766 203 282 584 0 902 397
boss10189 = 649 3766 200 282 587 0 902 397
boss10190 = 859 3766 196 282 591 0 902 397
boss10191 = 1065 3766 196 282 591 0 902 397
boss10192 = 1271 3766 196 282 591 0 902 397
boss10193 = 1477 3766 196 282 591 0 902 397
boss10194 = 1683 3766 196 295 591 0 902 397
boss10195 = 1889 3766 196 298 591 0 902 397
boss10196 = 2095 3766 196 303 591 0 902 397
boss10197 = 2301 3766 196 307 591 0 902 397
boss10198 = 2507 3766 196 305 591 0 902 397
boss10199 = 2713 3766 196 304 591 0 902 397
boss10200 = 2919 3766 196 298 591 0 902 397
boss10201 = 3125 3766 196 292 591 0 902 397
boss10202 = 3331 3766 196 290 591 0 902 397
boss10203 = 3537 3766 196 289 591 0 902 397
boss10204 = 3743 3766 196 288 591 0 902 397
boss10205 = 10 4083 196 284 591 0 902 397
boss10206 = 216 4083 196 283 591 0 902 397
boss10207 = 422 4083 196 282 591 0 902 397
boss10208 = 628 4083 196 282 591 0 902 397
boss10209 = 834 4083 201 282 586 0 902 397
boss10210 = 1045 4083 206 282 581 0 902 397
boss10211 = 1261 4083 208 282 579 0 902 397
boss10212 = 1479 4083 206 282 581 0 902 397
boss10213 = 1695 4083 200 282 587 0 902 397
boss10214 = 1905 4083 196 282 591 0 902 397
boss10215 = 2111 4083 196 282 591 0 902 397
boss10216 = 1271 3766 196 282 591 0 902 397
boss10217 = 1477 3766 196 282 591 0 902 397
boss10218 = 2317 4083 196 295 591 0 902 397
boss10219 = 2523 4083 261 298 526 0 902 397
boss10220 = 2794 4083 366 303 421 0 902 397
boss10221 = 3170 4083 476 307 311 0 902 397
boss10222 = 10 4400 541 305 246 0 902 397
boss10223 = 561 4400 582 304 205 0 902 397
boss10224 = 1153 4400 614 298 173 0 902 397
boss10225 = 1777 4400 648 309 139 0 902 397
boss10226 = 2435 4400 692 330 95 0 902 397
boss10227 = 3137 4400 701 333 86 0 902 397
boss10228 = 10 4743 714 337 73 0 902 397
boss10229 = 734 4743 726 337 61 0 902 397
boss10230 = 1470 4743 730 341 57 0 902 397
boss10231 = 2210 4743 736 342 51 0 902 397
boss10232 = 2956 4743 745 344 42 0 902 397
boss10233 = 10 5097 751 346 36 0 902 397
boss10234 = 771 5097 751 346 36 0 902 397
boss10235 = 1532 5097 751 346 36 0 902 397
boss10236 = 2293 5097 751 346 36 0 902 397
boss10237 = 3054 5097 751 346 36 0 902 397
boss10238 = 10 5453 751 346 36 0 902 397
boss10239 = 771 5453 751 346 36 0 902 397
boss10240 = 1532 5453 751 346 36 0 902 397
boss10241 = 2293 5453 751 320 36 26 902 397
boss10242 = 3054 5453 751 320 36 26 902 397
boss10243 = 10 5809 751 320 36 26 902 397
boss10244 = 771 5809 751 320 36 26 902 397
boss10245 = 1532 5809 751 320 36 26 902 397
boss10246 = 2293 5809 751 320 36 26 902 397
boss10247 = 3054 5809 751 320 36 26 902 397
boss10248 = 10 6139 751 320 36 26 902 397
boss10249 = 771 6139 751 320 36 26 902 397
boss10250 = 1532 6139 751 320 36 26 902 397
boss10251 = 2293 6139 751 320 36 26 902 397
boss10252 = 3054 6139 751 320 36 26 902 397
boss10253 = 10 6469 751 320 36 26 902 397
boss10254 = 771 6469 751 320 36 26 902 397
boss10255 = 1532 6469 751 320 36 26 902 397
boss10256 = 10 301 196 256 36 26 902 397
boss10257 = 216 301 201 256 36 26 902 397
boss10258 = 427 301 206 256 36 26 902 397
boss10259 = 643 301 208 256 36 26 902 397
boss10260 = 861 301 206 256 36 26 902 397
boss10261 = 2293 6469 197 256 590 26 902 397
boss10262 = 2500 6469 198 256 589 26 902 397
boss10263 = 2708 6469 199 256 588 26 902 397
boss10264 = 2917 6469 200 259 587 23 902 397
boss10265 = 3127 6469 209 264 578 18 902 397
boss10266 = 3346 6469 208 267 579 15 902 397
boss10267 = 3564 6469 207 278 580 14 902 397
boss10268 = 3781 6469 210 297 577 13 902 397
boss10269 = 10 6799 209 318 578 15 902 397
boss10270 = 229 6799 210 334 577 19 902 397
boss10271 = 449 6799 210 325 577 26 902 397
boss10272 = 669 6799 207 326 580 26 902 397
boss10273 = 886 6799 209 332 578 26 902 397
boss10274 = 1105 6799 221 341 576 26 902 397
boss10275 = 1336 6799 229 371 576 26 902 397
boss10276 = 1575 6799 239 371 576 26 902 397
boss10277 = 1824 6799 258 371 571 26 902 397
boss10278 = 2092 6799 276 371 554 26 902 397
boss10279 = 2378 6799 276 371 549 26 902 397
boss10280 = 2664 6799 274 371 551 26 902 397
boss10281 = 2948 6799 274 371 551 26 902 397
boss10282 = 3232 6799 274 371 551 26 902 397
boss10283 = 3516 6799 277 371 551 26 902 397
boss10284 = 10 7180 286 371 551 26 902 397
boss10285 = 306 7180 296 371 551 26 902 397
boss10286 = 612 7180 299 371 551 26 902 397
boss10287 = 921 7180 313 371 551 26 902 397
boss10288 = 1244 7180 313 371 551 26 902 397
boss10289 = 1567 7180 313 371 551 26 902 397
boss10290 = 1890 7180 334 371 551 26 902 397
boss10291 = 2234 7180 346 371 551 26 902 397
boss10292 = 2590 7180 351 371 551 26 902 397
boss10293 = 2951 7180 351 371 551 26 902 397
boss10294 = 3312 7180 351 371 551 26 902 397
boss10295 = 3673 7180 351 371 551 26 902 397
boss10296 = 3673 7180 351 371 551 26 902 397
boss10297 = 3673 7180 351 371 551 26 902 397
boss10298 = 3673 7180 351 371 551 26 902 397
boss10299 = 3673 7180 351 371 551 26 902 397
boss10300 = 3673 7180 351 371 551 26 902 397
boss10301 = 3673 7180 351 371 551 26 902 397
boss10302 = 3673 7180 351 371 551 26 902 397
boss10303 = 3673 7180 351 371 551 26 902 397
