1_1 = 0 0 50 75 0 0 50 75
1_2 = 50 0 50 75 0 0 50 75
1_3 = 100 0 50 75 0 0 50 75
1_4 = 150 0 50 75 0 0 50 75
1_5 = 200 0 50 75 0 0 50 75
1_6 = 250 0 50 75 0 0 50 75
1_7 = 300 0 50 75 0 0 50 75
1_8 = 350 0 50 75 0 0 50 75
1_9 = 400 0 50 75 0 0 50 75
1_10 = 450 0 50 75 0 0 50 75
1_11 = 500 0 50 75 0 0 50 75
1_12 = 550 0 50 75 0 0 50 75
1_13 = 600 0 50 75 0 0 50 75
1_14 = 650 0 50 75 0 0 50 75
2_1 = 0 75 50 75 0 0 50 75
2_2 = 50 75 50 75 0 0 50 75
2_3 = 100 75 50 75 0 0 50 75
2_4 = 150 75 50 75 0 0 50 75
2_5 = 200 75 50 75 0 0 50 75
2_6 = 250 75 50 75 0 0 50 75
2_7 = 300 75 50 75 0 0 50 75
2_8 = 350 75 50 75 0 0 50 75
2_9 = 400 75 50 75 0 0 50 75
2_10 = 450 75 50 75 0 0 50 75
2_11 = 500 75 50 75 0 0 50 75
2_12 = 550 75 50 75 0 0 50 75
2_13 = 600 75 50 75 0 0 50 75
2_14 = 650 75 50 75 0 0 50 75
3_1 = 0 150 50 75 0 0 50 75
3_2 = 50 150 50 75 0 0 50 75
3_3 = 100 150 50 75 0 0 50 75
3_4 = 150 150 50 75 0 0 50 75
3_5 = 200 150 50 75 0 0 50 75
3_6 = 250 150 50 75 0 0 50 75
3_7 = 300 150 50 75 0 0 50 75
3_8 = 350 150 50 75 0 0 50 75
3_9 = 400 150 50 75 0 0 50 75
3_10 = 450 150 50 75 0 0 50 75
3_11 = 500 150 50 75 0 0 50 75
3_12 = 550 150 50 75 0 0 50 75
3_13 = 600 150 50 75 0 0 50 75
3_14 = 650 150 50 75 0 0 50 75
4_1 = 0 225 50 75 0 0 50 75
4_2 = 50 225 50 75 0 0 50 75
4_3 = 100 225 50 75 0 0 50 75
4_4 = 150 225 50 75 0 0 50 75
4_5 = 200 225 50 75 0 0 50 75
4_6 = 250 225 50 75 0 0 50 75
4_7 = 300 225 50 75 0 0 50 75
4_8 = 350 225 50 75 0 0 50 75
4_9 = 400 225 50 75 0 0 50 75
4_10 = 450 225 50 75 0 0 50 75
4_11 = 500 225 50 75 0 0 50 75
4_12 = 550 225 50 75 0 0 50 75
4_13 = 600 225 50 75 0 0 50 75
4_14 = 650 225 50 75 0 0 50 75
5_1 = 0 300 50 75 0 0 50 75
5_2 = 50 300 50 75 0 0 50 75
5_3 = 100 300 50 75 0 0 50 75
5_4 = 150 300 50 75 0 0 50 75
5_5 = 200 300 50 75 0 0 50 75
5_6 = 250 300 50 75 0 0 50 75
5_7 = 300 300 50 75 0 0 50 75
5_8 = 350 300 50 75 0 0 50 75
5_9 = 400 300 50 75 0 0 50 75
5_10 = 450 300 50 75 0 0 50 75
5_11 = 500 300 50 75 0 0 50 75
5_12 = 550 300 50 75 0 0 50 75
5_13 = 600 300 50 75 0 0 50 75
5_14 = 650 300 50 75 0 0 50 75
6_1 = 0 375 50 75 0 0 50 75
6_2 = 50 375 50 75 0 0 50 75
6_3 = 100 375 50 75 0 0 50 75
6_4 = 150 375 50 75 0 0 50 75
6_5 = 200 375 50 75 0 0 50 75
6_6 = 250 375 50 75 0 0 50 75
6_7 = 300 375 50 75 0 0 50 75
6_8 = 350 375 50 75 0 0 50 75
6_9 = 400 375 50 75 0 0 50 75
6_10 = 450 375 50 75 0 0 50 75
6_11 = 500 375 50 75 0 0 50 75
6_12 = 550 375 50 75 0 0 50 75
6_13 = 600 375 50 75 0 0 50 75
6_14 = 650 375 50 75 0 0 50 75
