Fluppit0000 = 10 10 190 223 0 11 216 240
Fluppit0001 = 210 10 190 223 0 11 216 240
Fluppit0002 = 410 10 190 223 0 11 216 240
Fluppit0003 = 610 10 190 223 0 11 216 240
Fluppit0004 = 810 10 190 224 0 10 216 240
Fluppit0005 = 1010 10 190 224 0 10 216 240
Fluppit0006 = 1210 10 190 223 0 11 216 240
Fluppit0007 = 1410 10 190 223 0 11 216 240
Fluppit0008 = 1610 10 190 223 0 11 216 240
Fluppit0009 = 1810 10 190 223 0 11 216 240
Fluppit0010 = 10 244 190 223 0 11 216 240
Fluppit0011 = 210 244 190 223 0 11 216 240
Fluppit0012 = 410 244 190 223 0 11 216 240
Fluppit0013 = 610 244 190 223 0 11 216 240
Fluppit0014 = 810 244 190 223 0 11 216 240
Fluppit0015 = 1010 244 196 223 0 11 216 240
Fluppit0016 = 1216 244 202 223 0 11 216 240
Fluppit0017 = 1428 244 204 223 0 11 216 240
Fluppit0018 = 1642 244 207 223 0 11 216 240
Fluppit0019 = 10 477 216 223 0 11 216 240
Fluppit0020 = 236 477 216 223 0 11 216 240
Fluppit0021 = 462 477 216 223 0 11 216 240
Fluppit0022 = 688 477 216 223 0 11 216 240
Fluppit0023 = 914 477 216 223 0 11 216 240
Fluppit0024 = 1140 477 209 223 0 11 216 240
Fluppit0025 = 1359 477 203 223 0 11 216 240
Fluppit0026 = 1572 477 199 223 0 11 216 240
Fluppit0027 = 1781 477 190 223 0 11 216 240
Fluppit0028 = 10 710 190 223 0 11 216 240
Fluppit0029 = 210 710 190 223 0 11 216 240
Fluppit0030 = 410 710 190 223 0 11 216 240
Fluppit0031 = 610 710 190 223 0 11 216 240
Fluppit0032 = 810 710 190 223 0 11 216 240
Fluppit0033 = 1010 710 190 223 0 11 216 240
Fluppit0034 = 1210 710 190 223 0 11 216 240
Fluppit0035 = 1410 710 190 224 0 10 216 240
Fluppit0036 = 1610 710 190 224 0 10 216 240
Fluppit0037 = 1210 10 190 223 0 11 216 240
Fluppit0038 = 1810 710 190 223 0 11 216 240
Fluppit0039 = 10 944 190 223 0 11 216 240
Fluppit0040 = 210 944 190 223 0 11 216 240
Fluppit0041 = 410 944 190 223 0 11 216 240
Fluppit0042 = 610 944 190 223 0 11 216 240
Fluppit0043 = 810 944 190 223 0 11 216 240
Fluppit0044 = 1010 944 190 224 0 10 216 240
Fluppit0045 = 1210 944 190 224 0 10 216 240
Fluppit0046 = 1410 944 190 223 0 11 216 240
Fluppit0047 = 1610 944 190 223 0 11 216 240
Fluppit0048 = 1810 944 190 223 0 11 216 240
Fluppit0049 = 10 1178 190 223 0 11 216 240
Fluppit0050 = 210 1178 190 223 0 11 216 240
Fluppit0051 = 410 1178 190 223 0 11 216 240
Fluppit0052 = 610 1178 190 223 0 11 216 240
Fluppit0053 = 810 1178 190 224 0 10 216 240
Fluppit0054 = 1010 1178 190 228 0 10 216 240
Fluppit0055 = 1210 1178 190 229 0 11 216 240
Fluppit0056 = 1410 1178 190 223 0 11 216 240
Fluppit0057 = 1610 1178 190 223 0 11 216 240
Fluppit0058 = 1810 1178 190 223 0 11 216 240
Fluppit0059 = 10 1417 190 223 0 11 216 240
Fluppit0060 = 210 1417 190 223 0 11 216 240
Fluppit0061 = 410 1417 190 223 0 11 216 240
Fluppit0062 = 610 1417 190 224 0 10 216 240
Fluppit0063 = 810 1417 190 224 0 10 216 240
Fluppit0064 = 1010 1417 190 223 0 11 216 240
Fluppit0065 = 1210 1417 190 223 0 11 216 240
Fluppit0066 = 1410 1417 190 223 0 11 216 240
Fluppit0067 = 1610 1417 190 223 0 11 216 240
Fluppit0068 = 1810 1417 190 223 0 11 216 240
Fluppit0069 = 10 1651 190 223 0 11 216 240
Fluppit0070 = 210 1651 190 223 0 11 216 240
Fluppit0071 = 410 1651 190 224 0 10 216 240
Fluppit0072 = 610 1651 190 224 0 10 216 240
Fluppit0073 = 810 1651 190 223 0 11 216 240
Fluppit0074 = 1010 1651 190 223 0 11 216 240
Fluppit0075 = 1210 1651 190 223 0 11 216 240
Fluppit0076 = 1410 1651 190 223 0 11 216 240
Fluppit0077 = 1610 1651 190 223 0 11 216 240
Fluppit0078 = 1810 1651 190 223 0 11 216 240
Fluppit0079 = 10 1885 190 223 0 11 216 240
Fluppit0080 = 210 1885 190 224 0 10 216 240
Fluppit0081 = 410 1885 190 223 0 11 216 240
Fluppit0082 = 610 1885 190 223 0 11 216 240
Fluppit0083 = 810 1885 190 223 0 11 216 240
Fluppit0084 = 1010 1885 190 223 0 11 216 240
Fluppit0085 = 1210 1885 190 223 0 11 216 240
Fluppit0086 = 1410 1885 190 223 0 11 216 240
Fluppit0087 = 1610 1885 190 223 0 11 216 240
Fluppit0088 = 1810 1885 190 223 0 11 216 240
Fluppit0089 = 10 2119 190 223 0 11 216 240
Fluppit0090 = 210 2119 190 223 0 11 216 240
Fluppit0091 = 410 2119 190 223 0 11 216 240
Fluppit0092 = 610 2119 190 223 0 11 216 240
Fluppit0093 = 810 2119 190 234 0 0 216 240
Fluppit0094 = 1010 2119 190 232 0 2 216 240
Fluppit0095 = 1210 10 190 223 0 11 216 240
Fluppit0096 = 1410 10 190 223 0 11 216 240
Fluppit0097 = 1210 2119 190 223 0 11 216 240
Fluppit0098 = 1410 2119 190 223 0 11 216 240
Fluppit0099 = 1610 2119 190 223 0 11 216 240
Fluppit0100 = 1810 2119 190 223 0 11 216 240
Fluppit0101 = 10 2363 190 223 0 11 216 240
Fluppit0102 = 210 2363 190 223 0 11 216 240
Fluppit0103 = 410 2363 190 223 0 11 216 240
Fluppit0104 = 610 2363 196 223 0 11 216 240
Fluppit0105 = 816 2363 202 223 0 11 216 240
Fluppit0106 = 1028 2363 204 223 0 11 216 240
Fluppit0107 = 1242 2363 207 223 0 11 216 240
Fluppit0108 = 1459 2363 216 223 0 11 216 240
Fluppit0109 = 1685 2363 190 223 0 11 216 240
Fluppit0110 = 10 2596 190 223 0 11 216 240
Fluppit0111 = 210 2596 190 223 0 11 216 240
Fluppit0112 = 410 2596 190 223 0 11 216 240
Fluppit0113 = 610 2596 190 224 0 10 216 240
Fluppit0114 = 810 2596 190 224 0 10 216 240
Fluppit0115 = 1210 10 190 223 0 11 216 240
Fluppit0116 = 1010 2596 190 223 0 11 216 240
Fluppit0117 = 1210 2119 190 223 0 11 216 240
Fluppit0118 = 1210 2596 190 223 0 11 216 240
Fluppit0119 = 1410 2596 190 223 0 11 216 240
Fluppit0120 = 1610 2596 190 223 0 11 216 240
Fluppit0121 = 1810 2596 190 223 0 11 216 240
Fluppit0122 = 10 2830 190 224 0 10 216 240
Fluppit0123 = 1010 10 190 224 0 10 216 240
Fluppit0124 = 1210 10 190 223 0 11 216 240
Fluppit0125 = 210 2830 190 223 0 11 216 240
Fluppit0126 = 410 2830 190 223 0 11 216 240
