BeauBattle0000 = 10 10 158 202 46 428 851 751
BeauBattle0001 = 10 10 158 202 46 428 851 751
BeauBattle0002 = 178 10 157 202 46 428 851 751
BeauBattle0003 = 178 10 157 202 46 428 851 751
BeauBattle0004 = 345 10 158 202 46 428 851 751
BeauBattle0005 = 345 10 158 202 46 428 851 751
BeauBattle0006 = 513 10 157 202 46 428 851 751
BeauBattle0007 = 513 10 157 202 46 428 851 751
BeauBattle0008 = 680 10 157 202 46 428 851 751
BeauBattle0009 = 680 10 157 202 46 428 851 751
BeauBattle0010 = 847 10 157 202 46 428 851 751
BeauBattle0011 = 847 10 157 202 46 428 851 751
BeauBattle0012 = 1014 10 158 202 46 428 851 751
BeauBattle0013 = 1014 10 158 202 46 428 851 751
BeauBattle0014 = 1182 10 158 202 46 428 851 751
BeauBattle0015 = 1350 10 149 202 46 428 851 751
BeauBattle0016 = 1509 10 142 202 46 428 851 751
BeauBattle0017 = 1661 10 125 202 46 428 851 751
BeauBattle0018 = 1796 10 125 202 46 428 851 751
BeauBattle0019 = 1931 10 126 205 46 425 851 751
BeauBattle0020 = 2067 10 136 202 46 428 851 751
BeauBattle0021 = 2213 10 138 202 46 428 851 751
BeauBattle0022 = 2361 10 143 202 46 428 851 751
BeauBattle0023 = 2514 10 148 202 46 428 851 751
BeauBattle0024 = 2672 10 145 202 46 428 851 751
BeauBattle0025 = 2827 10 125 202 46 428 851 751
BeauBattle0026 = 2962 10 125 202 46 428 851 751
BeauBattle0027 = 3097 10 148 202 46 428 851 751
BeauBattle0028 = 3255 10 154 202 46 428 851 751
BeauBattle0029 = 3419 10 154 202 46 428 851 751
BeauBattle0030 = 3583 10 157 202 46 428 851 751
BeauBattle0031 = 3750 10 158 202 46 428 851 751
BeauBattle0032 = 3918 10 149 203 46 428 851 751
BeauBattle0033 = 4077 10 142 206 46 428 851 751
BeauBattle0034 = 4229 10 128 205 43 428 851 751
BeauBattle0035 = 4367 10 125 205 46 428 851 751
BeauBattle0036 = 4502 10 126 209 46 425 851 751
BeauBattle0037 = 4638 10 136 205 46 428 851 751
BeauBattle0038 = 4784 10 138 205 46 428 851 751
BeauBattle0039 = 4932 10 143 205 46 428 851 751
BeauBattle0040 = 5085 10 149 205 44 428 851 751
BeauBattle0041 = 5244 10 147 205 44 428 851 751
BeauBattle0042 = 5401 10 127 205 44 428 851 751
BeauBattle0043 = 5538 10 127 205 44 428 851 751
BeauBattle0044 = 5675 10 148 205 46 428 851 751
BeauBattle0045 = 5833 10 154 206 46 428 851 751
BeauBattle0046 = 5997 10 157 205 43 428 851 751
BeauBattle0047 = 6164 10 157 205 46 428 851 751
BeauBattle0048 = 6331 10 157 206 46 428 851 751
BeauBattle0049 = 6498 10 157 203 46 428 851 751
BeauBattle0050 = 6665 10 157 202 46 428 851 751
BeauBattle0051 = 1182 10 158 202 46 428 851 751
BeauBattle0052 = 1350 10 149 202 46 428 851 751
BeauBattle0053 = 1509 10 142 202 46 428 851 751
BeauBattle0054 = 1661 10 125 202 46 428 851 751
BeauBattle0055 = 1796 10 125 202 46 428 851 751
BeauBattle0056 = 1931 10 126 205 46 425 851 751
BeauBattle0057 = 2067 10 136 202 46 428 851 751
BeauBattle0058 = 2213 10 138 202 46 428 851 751
BeauBattle0059 = 2361 10 143 202 46 428 851 751
BeauBattle0060 = 6832 10 147 202 46 428 851 751
BeauBattle0061 = 6989 10 148 202 46 428 851 751
BeauBattle0062 = 7147 10 151 202 46 428 851 751
BeauBattle0063 = 7308 10 156 202 46 428 851 751
BeauBattle0064 = 7474 10 157 202 46 428 851 751
BeauBattle0065 = 7641 10 158 202 46 428 851 751
BeauBattle0066 = 7809 10 157 202 46 428 851 751
BeauBattle0067 = 7976 10 156 202 46 428 851 751
BeauBattle0068 = 10 229 176 202 46 428 851 751
BeauBattle0069 = 196 229 193 202 46 428 851 751
BeauBattle0070 = 399 229 194 202 46 428 851 751
BeauBattle0071 = 603 229 198 202 46 428 851 751
BeauBattle0072 = 811 229 200 202 46 428 851 751
BeauBattle0073 = 1021 229 199 202 46 428 851 751
BeauBattle0074 = 1230 229 195 202 46 428 851 751
BeauBattle0075 = 1435 229 199 202 46 428 851 751
BeauBattle0076 = 1644 229 199 206 46 428 851 751
BeauBattle0077 = 1853 229 199 208 46 428 851 751
BeauBattle0078 = 2062 229 199 216 46 428 851 751
BeauBattle0079 = 2271 229 198 216 46 428 851 751
BeauBattle0080 = 2479 229 200 216 46 428 851 751
BeauBattle0081 = 2479 229 200 216 46 428 851 751
BeauBattle0082 = 2689 229 203 213 46 428 851 751
BeauBattle0083 = 2689 229 203 213 46 428 851 751
BeauBattle0084 = 2902 229 205 205 46 428 851 751
BeauBattle0085 = 2902 229 205 205 46 428 851 751
BeauBattle0086 = 3117 229 204 206 46 428 851 751
BeauBattle0087 = 3117 229 204 206 46 428 851 751
BeauBattle0088 = 3331 229 204 205 46 428 851 751
BeauBattle0089 = 3331 229 204 205 46 428 851 751
BeauBattle0090 = 3545 229 201 204 46 428 851 751
BeauBattle0091 = 3545 229 201 204 46 428 851 751
BeauBattle0092 = 3756 229 200 203 46 428 851 751
BeauBattle0093 = 3756 229 200 203 46 428 851 751
BeauBattle0094 = 3966 229 201 202 46 428 851 751
BeauBattle0095 = 3966 229 201 202 46 428 851 751
BeauBattle0096 = 4177 229 200 202 46 428 851 751
BeauBattle0097 = 4387 229 201 202 46 428 851 751
BeauBattle0098 = 4387 229 201 202 46 428 851 751
BeauBattle0099 = 4598 229 187 203 46 428 851 751
BeauBattle0100 = 4598 229 187 203 46 428 851 751
BeauBattle0101 = 4795 229 158 203 46 428 851 751
BeauBattle0102 = 4795 229 158 203 46 428 851 751
BeauBattle0103 = 4963 229 169 203 46 428 851 751
BeauBattle0104 = 4963 229 169 203 46 428 851 751
BeauBattle0105 = 5142 229 197 202 46 428 851 751
BeauBattle0106 = 5142 229 197 202 46 428 851 751
BeauBattle0107 = 5349 229 187 202 46 428 851 751
BeauBattle0108 = 5349 229 187 202 46 428 851 751
BeauBattle0109 = 5546 229 168 202 46 428 851 751
BeauBattle0110 = 5546 229 168 202 46 428 851 751
BeauBattle0111 = 5724 229 158 202 46 428 851 751
BeauBattle0112 = 5892 229 158 202 46 428 851 751
BeauBattle0113 = 6060 229 157 202 46 428 851 751
BeauBattle0114 = 6227 229 157 202 46 428 851 751
BeauBattle0115 = 6394 229 158 202 46 428 851 751
BeauBattle0116 = 6562 229 158 202 46 428 851 751
BeauBattle0117 = 6730 229 157 202 46 428 851 751
BeauBattle0118 = 6897 229 157 202 46 428 851 751
BeauBattle0119 = 7064 229 157 202 46 428 851 751
BeauBattle0120 = 7231 229 157 202 46 428 851 751
BeauBattle0121 = 7398 229 157 202 46 428 851 751
BeauBattle0122 = 7565 229 157 202 46 428 851 751
BeauBattle0123 = 7732 229 158 202 46 428 851 751
BeauBattle0124 = 7900 229 158 202 46 428 851 751
BeauBattle0125 = 10 455 158 202 46 428 851 751
BeauBattle0126 = 178 455 158 202 46 428 851 751
BeauBattle0127 = 346 455 158 202 46 428 851 751
BeauBattle0128 = 514 455 157 202 46 428 851 751
BeauBattle0129 = 681 455 155 202 46 428 851 751
BeauBattle0130 = 846 455 152 202 46 428 851 751
BeauBattle0131 = 1008 455 148 202 46 428 851 751
BeauBattle0132 = 1166 455 145 202 46 428 851 751
BeauBattle0133 = 1321 455 142 202 46 428 851 751
BeauBattle0134 = 1473 455 139 202 46 428 851 751
BeauBattle0135 = 1622 455 137 202 46 428 851 751
BeauBattle0136 = 1769 455 136 202 46 428 851 751
BeauBattle0137 = 1915 455 136 202 46 428 851 751
BeauBattle0138 = 2061 455 136 202 46 428 851 751
BeauBattle0139 = 2207 455 140 202 46 428 851 751
BeauBattle0140 = 2357 455 143 202 46 428 851 751
BeauBattle0141 = 2510 455 143 202 46 428 851 751
BeauBattle0142 = 2663 455 143 202 46 428 851 751
BeauBattle0143 = 2816 455 143 202 46 428 851 751
BeauBattle0144 = 2816 455 143 202 46 428 851 751
BeauBattle0145 = 2816 455 143 202 46 428 851 751
BeauBattle0146 = 2969 455 137 202 46 428 851 751
BeauBattle0147 = 3116 455 125 202 46 428 851 751
BeauBattle0148 = 3251 455 433 464 46 166 851 751
BeauBattle0149 = 3694 455 451 548 46 82 851 751
BeauBattle0150 = 4155 455 469 477 46 153 851 751
BeauBattle0151 = 4634 455 487 575 46 55 851 751
BeauBattle0152 = 5131 455 505 534 46 128 851 751
BeauBattle0153 = 5646 455 543 535 46 201 851 751
BeauBattle0154 = 6199 455 543 463 46 273 851 751
BeauBattle0155 = 6752 455 553 390 46 346 851 751
BeauBattle0156 = 7315 455 553 317 46 419 851 751
BeauBattle0157 = 10 1040 559 317 46 419 851 751
BeauBattle0158 = 579 1040 559 317 46 419 851 751
BeauBattle0159 = 1148 1040 567 317 46 419 851 751
BeauBattle0160 = 1725 1040 567 317 46 419 851 751
BeauBattle0161 = 2302 1040 573 318 46 419 851 751
BeauBattle0162 = 2885 1040 573 318 46 419 851 751
BeauBattle0163 = 3468 1040 583 323 46 419 851 751
BeauBattle0164 = 4061 1040 583 323 46 419 851 751
BeauBattle0165 = 4654 1040 589 332 46 419 851 751
BeauBattle0166 = 5253 1040 589 332 46 419 851 751
BeauBattle0167 = 5852 1040 591 332 46 419 851 751
BeauBattle0168 = 6453 1040 591 332 46 419 851 751
BeauBattle0169 = 7054 1040 584 327 46 419 851 751
BeauBattle0170 = 10 1382 584 327 46 419 851 751
BeauBattle0171 = 604 1382 581 328 46 419 851 751
BeauBattle0172 = 1195 1382 581 328 46 419 851 751
BeauBattle0173 = 1786 1382 586 319 46 419 851 751
BeauBattle0174 = 2382 1382 587 319 46 419 851 751
BeauBattle0175 = 2979 1382 588 317 46 419 851 751
BeauBattle0176 = 3577 1382 588 317 46 419 851 751
BeauBattle0177 = 4175 1382 524 317 46 419 851 751
BeauBattle0178 = 4709 1382 524 317 46 419 851 751
BeauBattle0179 = 5243 1382 524 317 46 419 851 751
BeauBattle0180 = 5777 1382 524 317 46 419 851 751
BeauBattle0181 = 10 455 158 202 46 428 851 751
BeauBattle0182 = 178 455 158 202 46 428 851 751
BeauBattle0183 = 346 455 158 202 46 428 851 751
BeauBattle0184 = 514 455 157 202 46 428 851 751
BeauBattle0185 = 681 455 155 202 46 428 851 751
BeauBattle0186 = 846 455 152 202 46 428 851 751
BeauBattle0187 = 1008 455 148 202 46 428 851 751
BeauBattle0188 = 1166 455 145 202 46 428 851 751
BeauBattle0189 = 1321 455 142 202 46 428 851 751
BeauBattle0190 = 1473 455 139 202 46 428 851 751
BeauBattle0191 = 1622 455 137 202 46 428 851 751
BeauBattle0192 = 1769 455 136 202 46 428 851 751
BeauBattle0193 = 1915 455 136 202 46 428 851 751
BeauBattle0194 = 2061 455 136 202 46 428 851 751
BeauBattle0195 = 2207 455 140 202 46 428 851 751
BeauBattle0196 = 2357 455 143 202 46 428 851 751
BeauBattle0197 = 2510 455 143 202 46 428 851 751
BeauBattle0198 = 2663 455 143 202 46 428 851 751
BeauBattle0199 = 2816 455 143 202 46 428 851 751
BeauBattle0200 = 2816 455 143 202 46 428 851 751
BeauBattle0201 = 2816 455 143 202 46 428 851 751
BeauBattle0202 = 2969 455 137 202 46 428 851 751
BeauBattle0203 = 3116 455 125 202 46 428 851 751
BeauBattle0204 = 6311 1382 423 474 46 156 851 751
BeauBattle0205 = 6744 1382 530 518 46 112 851 751
BeauBattle0206 = 7284 1382 543 630 46 0 851 751
BeauBattle0207 = 10 2022 556 628 46 2 851 751
BeauBattle0208 = 576 2022 569 578 46 73 851 751
BeauBattle0209 = 1155 2022 581 582 46 144 851 751
BeauBattle0210 = 1746 2022 605 510 46 216 851 751
BeauBattle0211 = 2361 2022 605 439 46 287 851 751
BeauBattle0212 = 2976 2022 611 368 46 358 851 751
BeauBattle0213 = 3597 2022 611 368 46 358 851 751
BeauBattle0214 = 4218 2022 619 368 46 358 851 751
BeauBattle0215 = 4847 2022 619 368 46 358 851 751
BeauBattle0216 = 5476 2022 627 368 46 358 851 751
BeauBattle0217 = 6113 2022 627 369 46 358 851 751
BeauBattle0218 = 6750 2022 635 369 46 358 851 751
BeauBattle0219 = 7395 2022 635 374 46 358 851 751
BeauBattle0220 = 10 2660 643 374 46 358 851 751
BeauBattle0221 = 663 2660 643 383 46 358 851 751
BeauBattle0222 = 1316 2660 648 383 46 358 851 751
BeauBattle0223 = 1974 2660 648 383 46 358 851 751
BeauBattle0224 = 2632 2660 653 383 46 358 851 751
BeauBattle0225 = 3295 2660 653 378 46 358 851 751
BeauBattle0226 = 3958 2660 662 378 46 358 851 751
BeauBattle0227 = 4630 2660 662 379 46 358 851 751
BeauBattle0228 = 5302 2660 670 379 46 358 851 751
BeauBattle0229 = 5982 2660 670 370 46 358 851 751
BeauBattle0230 = 6662 2660 677 370 46 358 851 751
BeauBattle0231 = 7349 2660 677 368 46 358 851 751
BeauBattle0232 = 10 3053 627 368 46 358 851 751
BeauBattle0233 = 647 3053 627 368 46 358 851 751
BeauBattle0234 = 1284 3053 594 368 46 358 851 751
BeauBattle0235 = 1888 3053 594 368 46 358 851 751
BeauBattle0236 = 2492 3053 594 368 46 358 851 751
BeauBattle0237 = 3096 3053 158 202 46 428 851 751
BeauBattle0238 = 3264 3053 157 202 46 428 851 751
BeauBattle0239 = 3431 3053 158 202 46 428 851 751
BeauBattle0240 = 3599 3053 159 202 46 428 851 751
BeauBattle0241 = 3768 3053 160 202 46 428 851 751
BeauBattle0242 = 3938 3053 160 202 46 428 851 751
BeauBattle0243 = 4108 3053 159 202 46 428 851 751
BeauBattle0244 = 4277 3053 161 202 46 428 851 751
BeauBattle0245 = 4448 3053 164 202 46 428 851 751
BeauBattle0246 = 4622 3053 164 202 46 428 851 751
BeauBattle0247 = 4796 3053 166 202 46 428 851 751
BeauBattle0248 = 4972 3053 165 202 46 428 851 751
BeauBattle0249 = 5147 3053 170 202 46 428 851 751
BeauBattle0250 = 5327 3053 174 202 46 428 851 751
BeauBattle0251 = 5511 3053 174 202 46 428 851 751
BeauBattle0252 = 5695 3053 171 202 46 428 851 751
BeauBattle0253 = 5876 3053 171 202 46 428 851 751
BeauBattle0254 = 6057 3053 168 202 46 428 851 751
BeauBattle0255 = 6235 3053 162 202 46 428 851 751
BeauBattle0256 = 6407 3053 158 202 46 428 851 751
BeauBattle0257 = 6575 3053 162 202 46 428 851 751
BeauBattle0258 = 6747 3053 162 202 46 428 851 751
BeauBattle0259 = 6919 3053 162 202 46 428 851 751
BeauBattle0260 = 7091 3053 152 202 46 428 851 751
BeauBattle0261 = 7253 3053 125 202 46 428 851 751
BeauBattle0262 = 7388 3053 125 202 46 428 851 751
BeauBattle0263 = 7523 3053 125 202 46 428 851 751
BeauBattle0264 = 7658 3053 125 202 46 428 851 751
BeauBattle0265 = 7793 3053 125 202 46 428 851 751
BeauBattle0266 = 7793 3053 125 202 46 428 851 751
BeauBattle0267 = 7928 3053 159 202 46 428 851 751
BeauBattle0268 = 10 3431 205 202 46 428 851 751
BeauBattle0269 = 225 3431 213 202 46 428 851 751
BeauBattle0270 = 448 3431 147 203 24 428 851 751
BeauBattle0271 = 605 3431 169 202 2 428 851 751
BeauBattle0272 = 784 3431 140 202 31 428 851 751
BeauBattle0273 = 934 3431 129 202 42 428 851 751
BeauBattle0274 = 1073 3431 125 202 46 428 851 751
BeauBattle0275 = 1208 3431 125 202 46 428 851 751
BeauBattle0276 = 1343 3431 177 202 46 428 851 751
BeauBattle0277 = 1530 3431 194 202 46 428 851 751
BeauBattle0278 = 1734 3431 199 202 46 428 851 751
BeauBattle0279 = 1943 3431 204 202 46 428 851 751
BeauBattle0280 = 2157 3431 209 202 46 428 851 751
BeauBattle0281 = 2376 3431 193 202 46 428 851 751
BeauBattle0282 = 2579 3431 184 202 46 428 851 751
BeauBattle0283 = 2773 3431 182 202 46 428 851 751
BeauBattle0284 = 2965 3431 178 202 46 428 851 751
BeauBattle0285 = 3153 3431 178 202 46 428 851 751
BeauBattle0286 = 3341 3431 180 202 46 428 851 751
BeauBattle0287 = 3341 3431 180 202 46 428 851 751
BeauBattle0288 = 3531 3431 180 202 46 428 851 751
BeauBattle0289 = 3721 3431 178 202 46 428 851 751
BeauBattle0290 = 3909 3431 177 202 46 428 851 751
BeauBattle0291 = 4096 3431 176 202 46 428 851 751
BeauBattle0292 = 4282 3431 174 202 46 428 851 751
BeauBattle0293 = 4466 3431 172 202 46 428 851 751
BeauBattle0294 = 4648 3431 173 202 46 428 851 751
BeauBattle0295 = 4831 3431 172 202 46 428 851 751
BeauBattle0296 = 5013 3431 171 202 46 428 851 751
BeauBattle0297 = 5013 3431 171 202 46 428 851 751
BeauBattle0298 = 5194 3431 170 213 46 417 851 751
BeauBattle0299 = 5374 3431 190 214 46 416 851 751
BeauBattle0300 = 5574 3431 154 218 46 412 851 751
BeauBattle0301 = 5738 3431 152 219 46 411 851 751
BeauBattle0302 = 5900 3431 149 221 46 409 851 751
BeauBattle0303 = 6059 3431 147 222 46 408 851 751
BeauBattle0304 = 6216 3431 144 223 46 407 851 751
BeauBattle0305 = 6370 3431 142 223 46 407 851 751
BeauBattle0306 = 6522 3431 139 224 46 406 851 751
BeauBattle0307 = 6671 3431 135 222 46 408 851 751
BeauBattle0308 = 6816 3431 133 206 46 424 851 751
BeauBattle0309 = 6959 3431 135 202 46 428 851 751
BeauBattle0310 = 7104 3431 136 202 46 428 851 751
BeauBattle0311 = 7250 3431 152 202 46 428 851 751
BeauBattle0312 = 7412 3431 157 202 46 428 851 751
BeauBattle0313 = 7579 3431 158 202 46 428 851 751
BeauBattle0314 = 7747 3431 157 202 46 428 851 751
BeauBattle0315 = 7914 3431 154 202 46 428 851 751
BeauBattle0316 = 10 3665 159 202 46 428 851 751
BeauBattle0317 = 179 3665 163 202 46 428 851 751
BeauBattle0318 = 352 3665 164 202 46 428 851 751
BeauBattle0319 = 526 3665 162 202 46 428 851 751
BeauBattle0320 = 698 3665 161 202 46 428 851 751
BeauBattle0321 = 869 3665 158 202 46 428 851 751
BeauBattle0322 = 10 455 158 202 46 428 851 751
BeauBattle0323 = 178 455 158 202 46 428 851 751
BeauBattle0324 = 346 455 158 202 46 428 851 751
BeauBattle0325 = 514 455 157 202 46 235 851 751
BeauBattle0326 = 1037 3665 804 395 46 235 851 751
BeauBattle0327 = 1851 3665 802 395 46 235 851 751
BeauBattle0328 = 2663 3665 798 395 46 235 851 751
BeauBattle0329 = 3471 3665 792 395 46 235 851 751
BeauBattle0330 = 4273 3665 787 395 46 235 851 751
BeauBattle0331 = 5070 3665 780 395 46 235 851 751
BeauBattle0332 = 5860 3665 772 395 46 235 851 751
BeauBattle0333 = 6642 3665 763 395 46 235 851 751
BeauBattle0334 = 7415 3665 753 395 46 235 851 751
BeauBattle0335 = 10 4070 744 395 46 235 851 751
BeauBattle0336 = 764 4070 736 395 46 235 851 751
BeauBattle0337 = 1510 4070 730 395 46 235 851 751
BeauBattle0338 = 2250 4070 725 395 46 235 851 751
BeauBattle0339 = 2985 4070 722 395 46 235 851 751
BeauBattle0340 = 3717 4070 719 395 46 235 851 751
BeauBattle0341 = 4446 4070 717 395 46 235 851 751
BeauBattle0342 = 5173 4070 716 395 46 235 851 751
BeauBattle0343 = 5899 4070 715 395 46 235 851 751
BeauBattle0344 = 6624 4070 715 395 46 235 851 751
BeauBattle0345 = 7349 4070 715 418 46 235 851 751
BeauBattle0346 = 10 4498 715 418 46 235 851 751
BeauBattle0347 = 735 4498 715 418 46 235 851 751
BeauBattle0348 = 1460 4498 715 418 46 235 851 751
BeauBattle0349 = 2185 4498 715 418 46 235 851 751
BeauBattle0350 = 2910 4498 715 418 46 235 851 751
BeauBattle0351 = 3635 4498 715 418 46 235 851 751
BeauBattle0352 = 4360 4498 715 418 46 235 851 751
BeauBattle0353 = 5085 4498 715 418 46 235 851 751
BeauBattle0354 = 5810 4498 715 418 46 235 851 751
BeauBattle0355 = 6535 4498 715 418 46 235 851 751
BeauBattle0356 = 7260 4498 715 418 46 235 851 751
BeauBattle0357 = 10 4926 715 418 46 235 851 751
BeauBattle0358 = 735 4926 715 410 46 235 851 751
BeauBattle0359 = 1460 4926 715 395 46 235 851 751
BeauBattle0360 = 1460 4926 715 395 46 235 851 751
BeauBattle0361 = 2185 4926 718 395 46 235 851 751
BeauBattle0362 = 2913 4926 725 395 46 235 851 751
BeauBattle0363 = 3648 4926 738 395 46 235 851 751
BeauBattle0364 = 4396 4926 755 395 46 235 851 751
BeauBattle0365 = 5161 4926 778 395 46 235 851 751
BeauBattle0366 = 5949 4926 805 395 46 235 851 751
BeauBattle0367 = 6764 4926 805 395 46 235 851 751
BeauBattle0368 = 6764 4926 805 395 46 235 851 751
BeauBattle0369 = 10 5354 805 395 46 235 851 751
BeauBattle0370 = 10 5354 805 395 46 235 851 751
BeauBattle0371 = 825 5354 805 395 46 235 851 751
BeauBattle0372 = 825 5354 805 395 46 235 851 751
BeauBattle0373 = 1640 5354 805 395 46 235 851 751
BeauBattle0374 = 1640 5354 805 395 46 235 851 751
BeauBattle0375 = 6575 3053 162 202 46 428 851 751
BeauBattle0376 = 6747 3053 162 202 46 428 851 751
BeauBattle0377 = 6919 3053 162 202 46 428 851 751
BeauBattle0378 = 7091 3053 152 202 46 428 851 751
BeauBattle0379 = 7253 3053 125 202 46 428 851 751
BeauBattle0380 = 7388 3053 125 202 46 428 851 751
BeauBattle0381 = 7523 3053 125 202 46 428 851 751
BeauBattle0382 = 2455 5354 162 202 46 428 851 751
BeauBattle0383 = 2627 5354 209 202 46 428 851 751
BeauBattle0384 = 2846 5354 233 202 46 428 851 751
BeauBattle0385 = 3089 5354 252 203 19 428 851 751
BeauBattle0386 = 3351 5354 268 202 0 428 851 751
BeauBattle0387 = 3629 5354 248 202 18 428 851 751
BeauBattle0388 = 3887 5354 240 202 26 428 851 751
BeauBattle0389 = 4137 5354 220 202 46 428 851 751
BeauBattle0390 = 4367 5354 221 202 46 428 851 751
BeauBattle0391 = 4598 5354 224 202 46 428 851 751
BeauBattle0392 = 4832 5354 232 202 46 428 851 751
BeauBattle0393 = 5074 5354 234 202 46 428 851 751
BeauBattle0394 = 5318 5354 237 202 46 428 851 751
BeauBattle0395 = 5565 5354 239 204 46 426 851 751
BeauBattle0396 = 5814 5354 242 206 46 428 851 751
BeauBattle0397 = 6066 5354 249 209 46 428 851 751
BeauBattle0398 = 6325 5354 253 202 46 428 851 751
BeauBattle0399 = 6588 5354 257 202 46 428 851 751
BeauBattle0400 = 6855 5354 259 202 46 428 851 751
BeauBattle0401 = 7124 5354 263 202 46 428 851 751
BeauBattle0402 = 7397 5354 265 202 46 428 851 751
BeauBattle0403 = 7672 5354 267 202 46 428 851 751
BeauBattle0404 = 7949 5354 178 202 46 428 851 751
BeauBattle0405 = 10 5759 177 202 46 428 851 751
BeauBattle0406 = 197 5759 176 202 46 428 851 751
BeauBattle0407 = 383 5759 174 203 46 428 851 751
BeauBattle0408 = 567 5759 172 203 46 428 851 751
BeauBattle0409 = 749 5759 173 204 46 428 851 751
BeauBattle0410 = 932 5759 172 204 46 428 851 751
BeauBattle0411 = 1114 5759 171 206 46 428 851 751
BeauBattle0412 = 1295 5759 171 202 46 428 851 751
BeauBattle0413 = 5013 3431 171 202 46 428 851 751
BeauBattle0414 = 5013 3431 171 202 46 428 851 751
BeauBattle0415 = 5013 3431 171 202 46 428 851 751
BeauBattle0416 = 1476 5759 162 202 46 428 851 751
BeauBattle0417 = 1648 5759 162 202 46 428 851 751
BeauBattle0418 = 1820 5759 162 202 46 428 851 751
BeauBattle0419 = 1992 5759 152 202 46 428 851 751
BeauBattle0420 = 2154 5759 125 202 46 428 851 751
BeauBattle0421 = 2289 5759 182 253 34 382 851 751
BeauBattle0422 = 2481 5759 197 256 19 381 851 751
BeauBattle0423 = 2688 5759 236 260 15 381 851 751
BeauBattle0424 = 2934 5759 219 257 40 382 851 751
BeauBattle0425 = 3163 5759 214 260 24 371 851 751
BeauBattle0426 = 3387 5759 229 254 2 382 851 751
BeauBattle0427 = 3626 5759 185 253 31 382 851 751
BeauBattle0428 = 3821 5759 197 256 19 381 851 751
BeauBattle0429 = 4028 5759 208 260 15 381 851 751
BeauBattle0430 = 4246 5759 225 257 20 381 851 751
BeauBattle0431 = 4481 5759 234 254 25 382 851 751
BeauBattle0432 = 4725 5759 208 257 24 382 851 751
BeauBattle0433 = 4943 5759 236 260 2 371 851 751
BeauBattle0434 = 5189 5759 206 254 25 382 851 751
BeauBattle0435 = 5405 5759 182 253 34 382 851 751
BeauBattle0436 = 5597 5759 204 256 19 381 851 751
BeauBattle0437 = 5811 5759 230 260 15 381 851 751
BeauBattle0438 = 6051 5759 239 257 20 381 851 751
BeauBattle0439 = 6300 5759 207 254 24 382 851 751
BeauBattle0440 = 6517 5759 214 253 2 382 851 751
BeauBattle0441 = 6741 5759 197 256 19 381 851 751
BeauBattle0442 = 6948 5759 201 260 15 381 851 751
BeauBattle0443 = 7159 5759 207 257 20 381 851 751
BeauBattle0444 = 7376 5759 220 254 25 382 851 751
BeauBattle0445 = 7606 5759 199 257 40 382 851 751
BeauBattle0446 = 7815 5759 195 260 43 371 851 751
BeauBattle0447 = 10 6029 206 254 25 382 851 751
BeauBattle0448 = 226 6029 190 253 34 382 851 751
BeauBattle0449 = 426 6029 205 256 19 381 851 751
BeauBattle0450 = 641 6029 211 260 15 381 851 751
BeauBattle0451 = 641 6029 211 260 20 381 851 751
BeauBattle0452 = 862 6029 206 254 25 382 851 751
BeauBattle0453 = 1078 6029 192 257 40 382 851 751
BeauBattle0454 = 1280 6029 195 260 43 371 851 751
BeauBattle0455 = 1485 6029 206 254 25 382 851 751
BeauBattle0456 = 1701 6029 186 253 34 382 851 751
BeauBattle0457 = 1897 6029 199 256 19 381 851 751
BeauBattle0458 = 2106 6029 204 260 15 381 851 751
BeauBattle0459 = 2320 6029 207 257 20 381 851 751
BeauBattle0460 = 2537 6029 206 254 25 382 851 751
BeauBattle0461 = 10 455 158 202 46 428 851 751
BeauBattle0462 = 178 455 158 202 46 428 851 751
BeauBattle0463 = 346 455 158 202 46 428 851 751
BeauBattle0464 = 514 455 157 202 46 428 851 751
BeauBattle0465 = 681 455 155 202 46 428 851 751
BeauBattle0466 = 846 455 152 202 46 428 851 751
BeauBattle0467 = 1008 455 148 202 46 428 851 751
BeauBattle0468 = 1166 455 145 202 46 428 851 751
BeauBattle0469 = 1321 455 142 202 46 428 851 751
BeauBattle0470 = 1473 455 139 202 46 428 851 751
BeauBattle0471 = 1622 455 137 202 46 428 851 751
BeauBattle0472 = 1769 455 136 202 46 428 851 751
BeauBattle0473 = 1915 455 136 202 46 428 851 751
BeauBattle0474 = 2061 455 136 202 46 428 851 751
BeauBattle0475 = 2207 455 140 202 46 428 851 751
BeauBattle0476 = 2357 455 143 202 46 428 851 751
BeauBattle0477 = 2510 455 143 202 46 428 851 751
BeauBattle0478 = 2663 455 143 202 46 428 851 751
BeauBattle0479 = 2753 6029 143 229 46 401 851 751
BeauBattle0480 = 2906 6029 143 239 46 391 851 751
BeauBattle0481 = 3059 6029 143 242 46 388 851 751
BeauBattle0482 = 3212 6029 145 243 38 387 851 751
BeauBattle0483 = 3367 6029 148 241 37 389 851 751
BeauBattle0484 = 3525 6029 148 239 38 391 851 751
BeauBattle0485 = 3683 6029 145 226 38 404 851 751
BeauBattle0486 = 3838 6029 133 211 40 419 851 751
BeauBattle0487 = 3981 6029 125 202 46 428 851 751
BeauBattle0488 = 4116 6029 125 202 46 428 851 751
BeauBattle0489 = 4251 6029 125 202 46 428 851 751
BeauBattle0490 = 4386 6029 125 202 46 428 851 751
BeauBattle0491 = 4521 6029 126 202 46 428 851 751
BeauBattle0492 = 4657 6029 135 202 46 428 851 751
BeauBattle0493 = 4802 6029 139 202 46 428 851 751
BeauBattle0494 = 4951 6029 145 202 46 428 851 751
BeauBattle0495 = 5106 6029 154 202 46 428 851 751
BeauBattle0496 = 5270 6029 162 202 46 428 851 751
BeauBattle0497 = 5442 6029 159 202 46 428 851 751
BeauBattle0498 = 5611 6029 158 202 46 428 851 751
BeauBattle0499 = 5611 6029 158 202 46 428 851 751
